function_name,input_id,metric,n,mean,std,ci_lo,ci_hi
nwsapi_2_2_21,e5ec44314f23a3d28498ab5b830bf67c16cd6ed6,runtime_ns,4,196083.5,3856.8163684572796,189946.4444990227,202220.5555009773
nwsapi_2_2_21,e5ec44314f23a3d28498ab5b830bf67c16cd6ed6,rss,4,203931648.0,1947560.7803814493,200832644.1950798,207030651.8049202
nwsapi_2_2_22,e5ec44314f23a3d28498ab5b830bf67c16cd6ed6,runtime_ns,3,195868.16666666666,2591.63675759805,189430.18406195898,202306.14927137434
nwsapi_2_2_22,e5ec44314f23a3d28498ab5b830bf67c16cd6ed6,rss,3,205406208.0,2319421.2583521777,199644446.18269196,211167969.81730804
nwsapi_2_2_23,e5ec44314f23a3d28498ab5b830bf67c16cd6ed6,runtime_ns,3,200910.0,1104.5665439438224,198166.10459305142,203653.89540694858
nwsapi_2_2_23,e5ec44314f23a3d28498ab5b830bf67c16cd6ed6,rss,3,202773845.33333334,111523.58253451748,202496805.39620984,203050885.27045685
nwsapi_2_2_24,e5ec44314f23a3d28498ab5b830bf67c16cd6ed6,runtime_ns,8,202622.5625,13311.214124181965,191494.10899989097,213751.01600010903
nwsapi_2_2_24,e5ec44314f23a3d28498ab5b830bf67c16cd6ed6,rss,8,205164544.0,1566799.7380268937,203854666.63900557,206474421.36099443
nwsapi_2_2_25,e5ec44314f23a3d28498ab5b830bf67c16cd6ed6,runtime_ns,3,188951.16666666666,2303.7268899184496,183228.39182184695,194673.94151148637
nwsapi_2_2_25,e5ec44314f23a3d28498ab5b830bf67c16cd6ed6,rss,3,202162176.0,876658.8335994795,199984434.73111647,204339917.26888353
nwsapi_2_2_26,e5ec44314f23a3d28498ab5b830bf67c16cd6ed6,runtime_ns,3,198562.5,3079.166120884029,190913.42731836802,206211.57268163198
nwsapi_2_2_26,e5ec44314f23a3d28498ab5b830bf67c16cd6ed6,rss,3,204357632.0,1684208.2601483702,200173826.74652404,208541437.25347596
nwsapi_2_2_27,e5ec44314f23a3d28498ab5b830bf67c16cd6ed6,runtime_ns,4,206463.5,3645.339856126815,200662.9508216829,212264.0491783171
nwsapi_2_2_27,e5ec44314f23a3d28498ab5b830bf67c16cd6ed6,rss,4,203579392.0,2036740.5476738235,200338483.28461698,206820300.71538302
nwsapi_2_2_21,cbcd91815d8fb2343b554c52bfdb5e8d76d23d60,runtime_ns,3,161027.5,714.6322480828863,159252.2550825044,162802.7449174956
nwsapi_2_2_21,cbcd91815d8fb2343b554c52bfdb5e8d76d23d60,rss,3,201053525.33333334,1781667.4060231706,196627618.1402348,205479432.5264319
nwsapi_2_2_22,cbcd91815d8fb2343b554c52bfdb5e8d76d23d60,runtime_ns,8,164565.0,9902.799048753843,156286.052812547,172843.947187453
nwsapi_2_2_22,cbcd91815d8fb2343b554c52bfdb5e8d76d23d60,rss,8,200179712.0,1574058.213307246,198863766.40181205,201495657.59818795
nwsapi_2_2_23,cbcd91815d8fb2343b554c52bfdb5e8d76d23d60,runtime_ns,5,163354.1,5934.1828565523665,155985.83878826097,170722.36121173904
nwsapi_2_2_23,cbcd91815d8fb2343b554c52bfdb5e8d76d23d60,rss,5,201660825.6,1747666.7728731355,199490810.68726647,203830840.51273352
nwsapi_2_2_24,cbcd91815d8fb2343b554c52bfdb5e8d76d23d60,runtime_ns,8,164106.875,11197.188479224851,154745.79116793687,173467.95883206313
nwsapi_2_2_24,cbcd91815d8fb2343b554c52bfdb5e8d76d23d60,rss,8,200443904.0,2104625.5405572066,198684393.01589793,202203414.98410207
nwsapi_2_2_25,cbcd91815d8fb2343b554c52bfdb5e8d76d23d60,runtime_ns,3,159014.16666666666,2461.556739815951,152899.32073967665,165129.01259365666
nwsapi_2_2_25,cbcd91815d8fb2343b554c52bfdb5e8d76d23d60,rss,3,201572352.0,2337750.510363328,195765057.79654288,207379646.20345712
nwsapi_2_2_26,cbcd91815d8fb2343b554c52bfdb5e8d76d23d60,runtime_ns,6,177041.58333333334,8022.11336504706,168622.89166076705,185460.27500589963
nwsapi_2_2_26,cbcd91815d8fb2343b554c52bfdb5e8d76d23d60,rss,6,200054101.33333334,1925762.4709500044,198033137.56234425,202075065.10432243
nwsapi_2_2_27,cbcd91815d8fb2343b554c52bfdb5e8d76d23d60,runtime_ns,6,178555.58333333334,8326.436623290101,169817.52398751755,187293.64267914914
nwsapi_2_2_27,cbcd91815d8fb2343b554c52bfdb5e8d76d23d60,rss,6,200155136.0,1768493.2404172767,198299216.16459098,202011055.83540902
nwsapi_2_2_21,4a34be9c4895efe16b7f4927ddfc6a9635633044,runtime_ns,3,69173.66666666667,939.22126431067,66840.51170431472,71506.82162901862
nwsapi_2_2_21,4a34be9c4895efe16b7f4927ddfc6a9635633044,rss,3,198137173.33333334,1461240.9436877046,194507249.59916508,201767097.0675016
nwsapi_2_2_22,4a34be9c4895efe16b7f4927ddfc6a9635633044,runtime_ns,8,62177.0625,5208.47872249456,57822.66531813136,66531.45968186864
nwsapi_2_2_22,4a34be9c4895efe16b7f4927ddfc6a9635633044,rss,8,197867520.0,1238063.0065517668,196832473.42422694,198902566.57577306
nwsapi_2_2_23,4a34be9c4895efe16b7f4927ddfc6a9635633044,runtime_ns,8,63106.875,6397.51991427705,57758.41450512167,68455.33549487832
nwsapi_2_2_23,4a34be9c4895efe16b7f4927ddfc6a9635633044,rss,8,197740544.0,1855156.6478024744,196189594.22953668,199291493.77046332
nwsapi_2_2_24,4a34be9c4895efe16b7f4927ddfc6a9635633044,runtime_ns,8,62583.4375,9282.661184924673,54822.93854100293,70343.93645899708
nwsapi_2_2_24,4a34be9c4895efe16b7f4927ddfc6a9635633044,rss,8,197545984.0,1844507.6555079485,196003937.0098892,199088030.9901108
nwsapi_2_2_25,4a34be9c4895efe16b7f4927ddfc6a9635633044,runtime_ns,8,62692.75,5684.341776192862,57940.52134940898,67444.97865059103
nwsapi_2_2_25,4a34be9c4895efe16b7f4927ddfc6a9635633044,rss,8,198135808.0,1546847.6928832668,196842610.96617493,199429005.03382507
nwsapi_2_2_26,4a34be9c4895efe16b7f4927ddfc6a9635633044,runtime_ns,4,60802.375,1708.0995957984028,58084.40737614739,63520.34262385261
nwsapi_2_2_26,4a34be9c4895efe16b7f4927ddfc6a9635633044,rss,4,198496256.0,1317690.2664404863,196399516.7400291,200592995.2599709
nwsapi_2_2_27,4a34be9c4895efe16b7f4927ddfc6a9635633044,runtime_ns,4,60229.125,1646.7764660592727,57608.736159980755,62849.513840019245
nwsapi_2_2_27,4a34be9c4895efe16b7f4927ddfc6a9635633044,rss,4,198213632.0,1564593.3662614492,195724014.81113493,200703249.18886507
nwsapi_2_2_21,2d579de4c79ad4aa23f605c6020ab7f6bb86d0dc,runtime_ns,0,nan,0,nan,nan
nwsapi_2_2_21,2d579de4c79ad4aa23f605c6020ab7f6bb86d0dc,rss,0,nan,0,nan,nan
nwsapi_2_2_22,2d579de4c79ad4aa23f605c6020ab7f6bb86d0dc,runtime_ns,0,nan,0,nan,nan
nwsapi_2_2_22,2d579de4c79ad4aa23f605c6020ab7f6bb86d0dc,rss,0,nan,0,nan,nan
nwsapi_2_2_23,2d579de4c79ad4aa23f605c6020ab7f6bb86d0dc,runtime_ns,0,nan,0,nan,nan
nwsapi_2_2_23,2d579de4c79ad4aa23f605c6020ab7f6bb86d0dc,rss,0,nan,0,nan,nan
nwsapi_2_2_24,2d579de4c79ad4aa23f605c6020ab7f6bb86d0dc,runtime_ns,0,nan,0,nan,nan
nwsapi_2_2_24,2d579de4c79ad4aa23f605c6020ab7f6bb86d0dc,rss,0,nan,0,nan,nan
nwsapi_2_2_25,2d579de4c79ad4aa23f605c6020ab7f6bb86d0dc,runtime_ns,0,nan,0,nan,nan
nwsapi_2_2_25,2d579de4c79ad4aa23f605c6020ab7f6bb86d0dc,rss,0,nan,0,nan,nan
nwsapi_2_2_26,2d579de4c79ad4aa23f605c6020ab7f6bb86d0dc,runtime_ns,0,nan,0,nan,nan
nwsapi_2_2_26,2d579de4c79ad4aa23f605c6020ab7f6bb86d0dc,rss,0,nan,0,nan,nan
nwsapi_2_2_27,2d579de4c79ad4aa23f605c6020ab7f6bb86d0dc,runtime_ns,0,nan,0,nan,nan
nwsapi_2_2_27,2d579de4c79ad4aa23f605c6020ab7f6bb86d0dc,rss,0,nan,0,nan,nan
nwsapi_2_2_21,9b717dbce08353abec79811b432468e2699cb823,runtime_ns,3,101069.33333333333,673.6234729678987,99395.95986061354,102742.70680605312
nwsapi_2_2_21,9b717dbce08353abec79811b432468e2699cb823,rss,3,196842837.33333334,1622788.1259872878,192811608.15138766,200874066.51527902
nwsapi_2_2_22,9b717dbce08353abec79811b432468e2699cb823,runtime_ns,4,103369.875,2118.7601081371467,99998.45486103822,106741.29513896178
nwsapi_2_2_22,9b717dbce08353abec79811b432468e2699cb823,rss,4,197234688.0,633049.5764050921,196227364.8572541,198242011.1427459
nwsapi_2_2_23,9b717dbce08353abec79811b432468e2699cb823,runtime_ns,3,99465.16666666667,1972.0779861185342,94566.25337083697,104364.07996249637
nwsapi_2_2_23,9b717dbce08353abec79811b432468e2699cb823,rss,3,198776149.33333334,1997392.606764462,193814351.03369844,203737947.63296825
nwsapi_2_2_24,9b717dbce08353abec79811b432468e2699cb823,runtime_ns,8,103638.0,9746.811742454922,95489.46146412154,111786.53853587846
nwsapi_2_2_24,9b717dbce08353abec79811b432468e2699cb823,rss,8,197038080.0,1081831.5091542015,196133646.22466883,197942513.77533117
nwsapi_2_2_25,9b717dbce08353abec79811b432468e2699cb823,runtime_ns,8,110440.125,12813.367996382305,99727.88127848382,121152.36872151618
nwsapi_2_2_25,9b717dbce08353abec79811b432468e2699cb823,rss,8,197236736.0,1111801.3012528042,196307246.8514575,198166225.1485425
nwsapi_2_2_26,9b717dbce08353abec79811b432468e2699cb823,runtime_ns,8,104825.5625,6985.893318668804,98985.20952931966,110665.91547068034
nwsapi_2_2_26,9b717dbce08353abec79811b432468e2699cb823,rss,8,196638720.0,1065713.6673824326,195747761.07760155,197529678.92239845
nwsapi_2_2_27,9b717dbce08353abec79811b432468e2699cb823,runtime_ns,5,101904.1,3421.3039802098847,97655.99002086215,106152.20997913786
nwsapi_2_2_27,9b717dbce08353abec79811b432468e2699cb823,rss,5,196028006.4,313144.4907335909,195639186.15962026,196416826.64037976
nwsapi_2_2_21,6512dad4e851b3cb146ec00a52b19a79c5f178b3,runtime_ns,0,nan,0,nan,nan
nwsapi_2_2_21,6512dad4e851b3cb146ec00a52b19a79c5f178b3,rss,0,nan,0,nan,nan
nwsapi_2_2_22,6512dad4e851b3cb146ec00a52b19a79c5f178b3,runtime_ns,0,nan,0,nan,nan
nwsapi_2_2_22,6512dad4e851b3cb146ec00a52b19a79c5f178b3,rss,0,nan,0,nan,nan
nwsapi_2_2_23,6512dad4e851b3cb146ec00a52b19a79c5f178b3,runtime_ns,0,nan,0,nan,nan
nwsapi_2_2_23,6512dad4e851b3cb146ec00a52b19a79c5f178b3,rss,0,nan,0,nan,nan
nwsapi_2_2_24,6512dad4e851b3cb146ec00a52b19a79c5f178b3,runtime_ns,0,nan,0,nan,nan
nwsapi_2_2_24,6512dad4e851b3cb146ec00a52b19a79c5f178b3,rss,0,nan,0,nan,nan
nwsapi_2_2_25,6512dad4e851b3cb146ec00a52b19a79c5f178b3,runtime_ns,0,nan,0,nan,nan
nwsapi_2_2_25,6512dad4e851b3cb146ec00a52b19a79c5f178b3,rss,0,nan,0,nan,nan
nwsapi_2_2_26,6512dad4e851b3cb146ec00a52b19a79c5f178b3,runtime_ns,0,nan,0,nan,nan
nwsapi_2_2_26,6512dad4e851b3cb146ec00a52b19a79c5f178b3,rss,0,nan,0,nan,nan
nwsapi_2_2_27,6512dad4e851b3cb146ec00a52b19a79c5f178b3,runtime_ns,0,nan,0,nan,nan
nwsapi_2_2_27,6512dad4e851b3cb146ec00a52b19a79c5f178b3,rss,0,nan,0,nan,nan
nwsapi_2_2_21,c2788084ae44573dafa2b7b82aaf931fee84d67d,runtime_ns,8,41968.8125,6828.338011224672,36260.17906265676,47677.44593734324
nwsapi_2_2_21,c2788084ae44573dafa2b7b82aaf931fee84d67d,rss,8,197238784.0,1359914.2988257962,196101867.19455823,198375700.80544177
nwsapi_2_2_22,c2788084ae44573dafa2b7b82aaf931fee84d67d,runtime_ns,8,38145.9375,4848.190733499751,34092.748614742915,42199.126385257085
nwsapi_2_2_22,c2788084ae44573dafa2b7b82aaf931fee84d67d,rss,8,198076416.0,1166109.9994259302,197101523.64355832,199051308.35644168
nwsapi_2_2_23,c2788084ae44573dafa2b7b82aaf931fee84d67d,runtime_ns,3,34402.5,625.4702231121798,32848.74583119014,35956.25416880986
nwsapi_2_2_23,c2788084ae44573dafa2b7b82aaf931fee84d67d,rss,3,198109866.66666666,1291879.5255120862,194900660.01830396,201319073.31502935
nwsapi_2_2_24,c2788084ae44573dafa2b7b82aaf931fee84d67d,runtime_ns,8,36627.625,4878.651524389559,32548.970256269648,40706.27974373035
nwsapi_2_2_24,c2788084ae44573dafa2b7b82aaf931fee84d67d,rss,8,197281792.0,1484704.9616874824,196040547.58958182,198523036.41041818
nwsapi_2_2_25,c2788084ae44573dafa2b7b82aaf931fee84d67d,runtime_ns,8,38091.25,2758.610688113027,35784.99375010617,40397.50624989383
nwsapi_2_2_25,c2788084ae44573dafa2b7b82aaf931fee84d67d,rss,8,198080512.0,1156517.353053184,197113639.2966197,199047384.7033803
nwsapi_2_2_26,c2788084ae44573dafa2b7b82aaf931fee84d67d,runtime_ns,8,37223.875,3041.1708359727886,34681.39255487663,39766.35744512337
nwsapi_2_2_26,c2788084ae44573dafa2b7b82aaf931fee84d67d,rss,8,198217728.0,1367920.334629386,197074117.9811271,199361338.0188729
nwsapi_2_2_27,c2788084ae44573dafa2b7b82aaf931fee84d67d,runtime_ns,8,38015.5,6287.683641169343,32758.864927393548,43272.135072606456
nwsapi_2_2_27,c2788084ae44573dafa2b7b82aaf931fee84d67d,rss,8,197107712.0,1031690.3270663565,196245197.30192953,197970226.69807047
nwsapi_2_2_21,e1db9ed4dc574232b4a31675666a889ce8ad4207,runtime_ns,8,343737.0,22434.719959091468,324981.1047432959,362492.8952567041
nwsapi_2_2_21,e1db9ed4dc574232b4a31675666a889ce8ad4207,rss,8,206067712.0,1642839.6078066432,204694263.7169917,207441160.2830083
nwsapi_2_2_22,e1db9ed4dc574232b4a31675666a889ce8ad4207,runtime_ns,8,351580.75,38740.67356889176,319192.73637837934,383968.76362162066
nwsapi_2_2_22,e1db9ed4dc574232b4a31675666a889ce8ad4207,rss,8,206082048.0,3691839.1163039594,202995593.25947896,209168502.74052104
nwsapi_2_2_23,e1db9ed4dc574232b4a31675666a889ce8ad4207,runtime_ns,8,327158.875,20042.94376680446,310402.55467990367,343915.19532009633
nwsapi_2_2_23,e1db9ed4dc574232b4a31675666a889ce8ad4207,rss,8,204990464.0,1693052.1851148847,203575036.95183307,206405891.04816693
nwsapi_2_2_24,e1db9ed4dc574232b4a31675666a889ce8ad4207,runtime_ns,4,334046.875,8104.156735640873,321151.3531696098,346942.3968303902
nwsapi_2_2_24,e1db9ed4dc574232b4a31675666a889ce8ad4207,rss,4,203657216.0,1063099.4208558295,201965587.58797407,205348844.41202593
nwsapi_2_2_25,e1db9ed4dc574232b4a31675666a889ce8ad4207,runtime_ns,8,330770.9375,17851.70441129902,315846.5391254046,345695.3358745954
nwsapi_2_2_25,e1db9ed4dc574232b4a31675666a889ce8ad4207,rss,8,204081152.0,1675051.5324576052,202680773.87405753,205481530.12594247
nwsapi_2_2_26,e1db9ed4dc574232b4a31675666a889ce8ad4207,runtime_ns,4,322520.75,7519.337265787901,310555.8064501556,334485.6935498444
nwsapi_2_2_26,e1db9ed4dc574232b4a31675666a889ce8ad4207,rss,4,207048704.0,2768407.1836770447,202643550.39339307,211453857.60660693
nwsapi_2_2_27,e1db9ed4dc574232b4a31675666a889ce8ad4207,runtime_ns,5,324729.0,12485.18449002657,309226.595907802,340231.404092198
nwsapi_2_2_27,e1db9ed4dc574232b4a31675666a889ce8ad4207,rss,5,205416038.4,3827384.4593942743,200663712.90948555,210168363.89051446
nwsapi_2_2_21,a3e2f6f109a83260b41aace2bb32b5e16e6ba84d,runtime_ns,8,4721.3125,508.39234971624035,4296.285859240735,5146.339140759265
nwsapi_2_2_21,a3e2f6f109a83260b41aace2bb32b5e16e6ba84d,rss,8,196581376.0,977050.8604419146,195764541.03917426,197398210.96082574
nwsapi_2_2_22,a3e2f6f109a83260b41aace2bb32b5e16e6ba84d,runtime_ns,5,4320.8,168.32728536990075,4111.794069840823,4529.8059301591775
nwsapi_2_2_22,a3e2f6f109a83260b41aace2bb32b5e16e6ba84d,rss,5,197033984.0,1408023.458713668,195285691.9626889,198782276.0373111
nwsapi_2_2_23,a3e2f6f109a83260b41aace2bb32b5e16e6ba84d,runtime_ns,8,4695.375,510.9700683154403,4268.193332561729,5122.556667438271
nwsapi_2_2_23,a3e2f6f109a83260b41aace2bb32b5e16e6ba84d,rss,8,197548032.0,843915.1729883756,196842501.25930095,198253562.74069905
nwsapi_2_2_24,a3e2f6f109a83260b41aace2bb32b5e16e6ba84d,runtime_ns,8,4632.6875,512.2589982128181,4204.428260201007,5060.946739798993
nwsapi_2_2_24,a3e2f6f109a83260b41aace2bb32b5e16e6ba84d,rss,8,198289408.0,1914334.362597536,196688984.42187378,199889831.57812622
nwsapi_2_2_25,a3e2f6f109a83260b41aace2bb32b5e16e6ba84d,runtime_ns,8,4888.0625,429.36019157246386,4529.108396930479,5247.016603069521
nwsapi_2_2_25,a3e2f6f109a83260b41aace2bb32b5e16e6ba84d,rss,8,196900864.0,689099.0699266066,196324762.76046577,197476965.23953423
nwsapi_2_2_26,a3e2f6f109a83260b41aace2bb32b5e16e6ba84d,runtime_ns,8,5403.625,779.9106061411325,4751.603416265104,6055.646583734896
nwsapi_2_2_26,a3e2f6f109a83260b41aace2bb32b5e16e6ba84d,rss,8,197111808.0,1474995.5420259994,195878680.8675557,198344935.1324443
nwsapi_2_2_27,a3e2f6f109a83260b41aace2bb32b5e16e6ba84d,runtime_ns,8,5197.8125,555.6729470715152,4733.258290664574,5662.366709335426
nwsapi_2_2_27,a3e2f6f109a83260b41aace2bb32b5e16e6ba84d,rss,8,197412864.0,1118661.2331083207,196477639.80490535,198348088.19509465
nwsapi_2_2_21,dde88c53c612a954f0a9101b215915788db9bf48,runtime_ns,0,nan,0,nan,nan
nwsapi_2_2_21,dde88c53c612a954f0a9101b215915788db9bf48,rss,0,nan,0,nan,nan
nwsapi_2_2_22,dde88c53c612a954f0a9101b215915788db9bf48,runtime_ns,0,nan,0,nan,nan
nwsapi_2_2_22,dde88c53c612a954f0a9101b215915788db9bf48,rss,0,nan,0,nan,nan
nwsapi_2_2_23,dde88c53c612a954f0a9101b215915788db9bf48,runtime_ns,0,nan,0,nan,nan
nwsapi_2_2_23,dde88c53c612a954f0a9101b215915788db9bf48,rss,0,nan,0,nan,nan
nwsapi_2_2_24,dde88c53c612a954f0a9101b215915788db9bf48,runtime_ns,0,nan,0,nan,nan
nwsapi_2_2_24,dde88c53c612a954f0a9101b215915788db9bf48,rss,0,nan,0,nan,nan
nwsapi_2_2_25,dde88c53c612a954f0a9101b215915788db9bf48,runtime_ns,0,nan,0,nan,nan
nwsapi_2_2_25,dde88c53c612a954f0a9101b215915788db9bf48,rss,0,nan,0,nan,nan
nwsapi_2_2_26,dde88c53c612a954f0a9101b215915788db9bf48,runtime_ns,0,nan,0,nan,nan
nwsapi_2_2_26,dde88c53c612a954f0a9101b215915788db9bf48,rss,0,nan,0,nan,nan
nwsapi_2_2_27,dde88c53c612a954f0a9101b215915788db9bf48,runtime_ns,0,nan,0,nan,nan
nwsapi_2_2_27,dde88c53c612a954f0a9101b215915788db9bf48,rss,0,nan,0,nan,nan
nwsapi_2_2_21,120c873d4000f42104aaa6d70b327522636db410,runtime_ns,8,29177.125,2558.5508838012192,27038.122932087994,31316.127067912006
nwsapi_2_2_21,120c873d4000f42104aaa6d70b327522636db410,rss,8,197183488.0,1276163.4370493907,196116588.66720784,198250387.33279216
nwsapi_2_2_22,120c873d4000f42104aaa6d70b327522636db410,runtime_ns,8,29289.0,2270.891187554852,27390.487456459603,31187.512543540397
nwsapi_2_2_22,120c873d4000f42104aaa6d70b327522636db410,rss,8,198262784.0,1470601.7221617629,197033330.19288808,199492237.80711192
nwsapi_2_2_23,120c873d4000f42104aaa6d70b327522636db410,runtime_ns,3,27916.833333333332,456.7472860711198,26782.21017526445,29051.456491402216
nwsapi_2_2_23,120c873d4000f42104aaa6d70b327522636db410,rss,3,196842837.33333334,1451287.0378603032,193237640.47201014,200448034.19465655
nwsapi_2_2_24,120c873d4000f42104aaa6d70b327522636db410,runtime_ns,3,28451.666666666668,343.8009356202123,27597.61779715745,29305.715536175885
nwsapi_2_2_24,120c873d4000f42104aaa6d70b327522636db410,rss,3,196957525.33333334,791930.9968054877,194990259.6790648,198924790.98760188
nwsapi_2_2_25,120c873d4000f42104aaa6d70b327522636db410,runtime_ns,8,30018.1875,1961.4523215774143,28378.372322382114,31658.002677617886
nwsapi_2_2_25,120c873d4000f42104aaa6d70b327522636db410,rss,8,197650432.0,888539.3804035925,196907594.4882907,198393269.5117093
nwsapi_2_2_26,120c873d4000f42104aaa6d70b327522636db410,runtime_ns,8,30549.625,2343.90517772005,28590.071233109833,32509.178766890167
nwsapi_2_2_26,120c873d4000f42104aaa6d70b327522636db410,rss,8,197500928.0,826423.920218051,196810020.31256247,198191835.68743753
nwsapi_2_2_27,120c873d4000f42104aaa6d70b327522636db410,runtime_ns,4,28463.375,682.3856894503772,27377.547091915087,29549.202908084913
nwsapi_2_2_27,120c873d4000f42104aaa6d70b327522636db410,rss,4,196313088.0,848389.613338903,194963110.80479428,197663065.19520572
nwsapi_2_2_21,372baa9c5277df0dedf8a1ee8878295507903115,runtime_ns,4,26057.125,575.9389977824619,25140.6775322192,26973.5724677808
nwsapi_2_2_21,372baa9c5277df0dedf8a1ee8878295507903115,rss,4,196730880.0,1161647.5529660448,194882439.51851067,198579320.48148933
nwsapi_2_2_22,372baa9c5277df0dedf8a1ee8878295507903115,runtime_ns,8,29976.625,5109.280203358255,25705.159855523994,34248.09014447601
nwsapi_2_2_22,372baa9c5277df0dedf8a1ee8878295507903115,rss,8,197226496.0,1246284.5061619873,196184576.07854563,198268415.92145437
nwsapi_2_2_23,372baa9c5277df0dedf8a1ee8878295507903115,runtime_ns,8,27567.6875,2979.840179529049,25076.47876680088,30058.89623319912
nwsapi_2_2_23,372baa9c5277df0dedf8a1ee8878295507903115,rss,8,197552128.0,1291056.1554713922,196472778.0430271,198631477.9569729
nwsapi_2_2_24,372baa9c5277df0dedf8a1ee8878295507903115,runtime_ns,8,26955.8125,2246.015041571246,25078.096934951413,28833.528065048587
nwsapi_2_2_24,372baa9c5277df0dedf8a1ee8878295507903115,rss,8,197554176.0,1105464.7952060709,196629984.30308262,198478367.69691738
nwsapi_2_2_25,372baa9c5277df0dedf8a1ee8878295507903115,runtime_ns,8,30093.875,4555.2167954523775,26285.618456442764,33902.13154355723
nwsapi_2_2_25,372baa9c5277df0dedf8a1ee8878295507903115,rss,8,197537792.0,1259993.9716790032,196484410.67854905,198591173.32145095
nwsapi_2_2_26,372baa9c5277df0dedf8a1ee8878295507903115,runtime_ns,3,25986.166666666668,179.79873006596384,25539.52186078499,26432.811472548347
nwsapi_2_2_26,372baa9c5277df0dedf8a1ee8878295507903115,rss,3,197012138.66666666,985812.2687435643,194563245.23317462,199461032.1001587
nwsapi_2_2_27,372baa9c5277df0dedf8a1ee8878295507903115,runtime_ns,8,28229.0625,3593.162191058177,25225.10373346651,31233.02126653349
nwsapi_2_2_27,372baa9c5277df0dedf8a1ee8878295507903115,rss,8,196849664.0,945812.4323141455,196058945.01864788,197640382.98135212
nwsapi_2_2_21,c2799fc87a29ee90b802dd132e31d17f887698f5,runtime_ns,0,nan,0,nan,nan
nwsapi_2_2_21,c2799fc87a29ee90b802dd132e31d17f887698f5,rss,0,nan,0,nan,nan
nwsapi_2_2_22,c2799fc87a29ee90b802dd132e31d17f887698f5,runtime_ns,0,nan,0,nan,nan
nwsapi_2_2_22,c2799fc87a29ee90b802dd132e31d17f887698f5,rss,0,nan,0,nan,nan
nwsapi_2_2_23,c2799fc87a29ee90b802dd132e31d17f887698f5,runtime_ns,0,nan,0,nan,nan
nwsapi_2_2_23,c2799fc87a29ee90b802dd132e31d17f887698f5,rss,0,nan,0,nan,nan
nwsapi_2_2_24,c2799fc87a29ee90b802dd132e31d17f887698f5,runtime_ns,0,nan,0,nan,nan
nwsapi_2_2_24,c2799fc87a29ee90b802dd132e31d17f887698f5,rss,0,nan,0,nan,nan
nwsapi_2_2_25,c2799fc87a29ee90b802dd132e31d17f887698f5,runtime_ns,0,nan,0,nan,nan
nwsapi_2_2_25,c2799fc87a29ee90b802dd132e31d17f887698f5,rss,0,nan,0,nan,nan
nwsapi_2_2_26,c2799fc87a29ee90b802dd132e31d17f887698f5,runtime_ns,0,nan,0,nan,nan
nwsapi_2_2_26,c2799fc87a29ee90b802dd132e31d17f887698f5,rss,0,nan,0,nan,nan
nwsapi_2_2_27,c2799fc87a29ee90b802dd132e31d17f887698f5,runtime_ns,0,nan,0,nan,nan
nwsapi_2_2_27,c2799fc87a29ee90b802dd132e31d17f887698f5,rss,0,nan,0,nan,nan
nwsapi_2_2_21,7fef0b752ffc7e79f968fa34ffa897605a9d8fca,runtime_ns,3,25028.0,313.6554638452836,24248.83663376539,25807.16336623461
nwsapi_2_2_21,7fef0b752ffc7e79f968fa34ffa897605a9d8fca,rss,3,196990293.33333334,356077.25807376875,196105748.38825563,197874838.27841106
nwsapi_2_2_22,7fef0b752ffc7e79f968fa34ffa897605a9d8fca,runtime_ns,7,25363.214285714286,1201.8649001011877,24251.674642803013,26474.75392862556
nwsapi_2_2_22,7fef0b752ffc7e79f968fa34ffa897605a9d8fca,rss,7,197197824.0,1188414.2428048113,196098724.14030138,198296923.85969862
nwsapi_2_2_23,7fef0b752ffc7e79f968fa34ffa897605a9d8fca,runtime_ns,5,25633.3,928.2632035150375,24480.708999338083,26785.891000661915
nwsapi_2_2_23,7fef0b752ffc7e79f968fa34ffa897605a9d8fca,rss,5,197063475.2,989938.0380706664,195834304.77767518,198292645.6223248
nwsapi_2_2_24,7fef0b752ffc7e79f968fa34ffa897605a9d8fca,runtime_ns,8,29698.0,6220.638575396764,24497.416005071464,34898.58399492854
nwsapi_2_2_24,7fef0b752ffc7e79f968fa34ffa897605a9d8fca,rss,8,197216256.0,987416.3917132427,196390755.2381676,198041756.7618324
nwsapi_2_2_25,7fef0b752ffc7e79f968fa34ffa897605a9d8fca,runtime_ns,5,25991.6,863.6910906105261,24919.185867219563,27064.014132780434
nwsapi_2_2_25,7fef0b752ffc7e79f968fa34ffa897605a9d8fca,rss,5,197600870.4,792094.8120703733,196617354.78868824,198584386.01131177
nwsapi_2_2_26,7fef0b752ffc7e79f968fa34ffa897605a9d8fca,runtime_ns,8,29343.6875,5357.979009567347,24864.30495034886,33823.07004965114
nwsapi_2_2_26,7fef0b752ffc7e79f968fa34ffa897605a9d8fca,rss,8,197120000.0,1473070.384095168,195888482.33986333,198351517.66013667
nwsapi_2_2_27,7fef0b752ffc7e79f968fa34ffa897605a9d8fca,runtime_ns,3,26666.833333333332,346.76084457927675,25805.431642355557,27528.235024311107
nwsapi_2_2_27,7fef0b752ffc7e79f968fa34ffa897605a9d8fca,rss,3,197230592.0,1006649.813192254,194729935.2365227,199731248.7634773
nwsapi_2_2_21,452ace78e259a28f8ff2799742e4f0c660c6f174,runtime_ns,8,33408.875,2119.818519017944,31636.66236804289,35181.08763195711
nwsapi_2_2_21,452ace78e259a28f8ff2799742e4f0c660c6f174,rss,8,197296128.0,1074227.944815119,196398050.96353528,198194205.03646472
nwsapi_2_2_22,452ace78e259a28f8ff2799742e4f0c660c6f174,runtime_ns,8,36119.875,5910.882891207661,31178.25323764728,41061.49676235272
nwsapi_2_2_22,452ace78e259a28f8ff2799742e4f0c660c6f174,rss,8,196653056.0,1246038.323464755,195611341.89243105,197694770.10756895
nwsapi_2_2_23,452ace78e259a28f8ff2799742e4f0c660c6f174,runtime_ns,8,34546.875,3151.8755159201864,31911.841126318286,37181.908873681714
nwsapi_2_2_23,452ace78e259a28f8ff2799742e4f0c660c6f174,rss,8,197138432.0,1060139.6666757774,196252133.0588095,198024730.9411905
nwsapi_2_2_24,452ace78e259a28f8ff2799742e4f0c660c6f174,runtime_ns,3,32902.5,63.66513959774218,32744.3470258014,33060.6529741986
nwsapi_2_2_24,452ace78e259a28f8ff2799742e4f0c660c6f174,rss,3,197421738.66666666,2009585.1508580903,192429652.4084466,202413824.9248867
nwsapi_2_2_25,452ace78e259a28f8ff2799742e4f0c660c6f174,runtime_ns,8,35140.75,4057.6618091140685,31748.459834682777,38533.04016531722
nwsapi_2_2_25,452ace78e259a28f8ff2799742e4f0c660c6f174,rss,8,197193728.0,827895.8805150043,196501589.72295842,197885866.27704158
nwsapi_2_2_26,452ace78e259a28f8ff2799742e4f0c660c6f174,runtime_ns,8,34070.25,3163.8098642527266,31425.238761426262,36715.26123857374
nwsapi_2_2_26,452ace78e259a28f8ff2799742e4f0c660c6f174,rss,8,196651008.0,1075224.7986255845,195752097.57289392,197549918.42710608
nwsapi_2_2_27,452ace78e259a28f8ff2799742e4f0c660c6f174,runtime_ns,8,35903.75,4871.125991859729,31831.386758910987,39976.11324108901
nwsapi_2_2_27,452ace78e259a28f8ff2799742e4f0c660c6f174,rss,8,197621760.0,1382856.1194612505,196465663.35252672,198777856.64747328
nwsapi_2_2_21,f92be638e790291abc7d18da1074da940f74980c,runtime_ns,3,117902.83333333333,2118.481315313716,112640.23400632408,123165.43266034257
nwsapi_2_2_21,f92be638e790291abc7d18da1074da940f74980c,rss,3,196384085.33333334,658696.5730754437,194747792.33555594,198020378.33111075
nwsapi_2_2_22,f92be638e790291abc7d18da1074da940f74980c,runtime_ns,8,121981.875,6517.29134002112,116533.28308738621,127430.46691261379
nwsapi_2_2_22,f92be638e790291abc7d18da1074da940f74980c,rss,8,197785600.0,1720073.386405193,196347582.6622268,199223617.3377732
nwsapi_2_2_23,f92be638e790291abc7d18da1074da940f74980c,runtime_ns,8,123492.25,8928.626954113062,116027.73106493452,130956.76893506548
nwsapi_2_2_23,f92be638e790291abc7d18da1074da940f74980c,rss,8,199294976.0,1678106.4701410166,197892043.88223994,200697908.11776006
nwsapi_2_2_24,f92be638e790291abc7d18da1074da940f74980c,runtime_ns,3,1070312.6666666667,14178.920069361184,1035090.276610473,1105535.0567228606
nwsapi_2_2_24,f92be638e790291abc7d18da1074da940f74980c,rss,3,209447594.66666666,1353077.7096698228,206086363.30114707,212808826.03218624
nwsapi_2_2_25,f92be638e790291abc7d18da1074da940f74980c,runtime_ns,8,131963.5,14887.58072786077,119517.17103905711,144409.8289609429
nwsapi_2_2_25,f92be638e790291abc7d18da1074da940f74980c,rss,8,199043072.0,704590.2415025143,198454019.81692776,199632124.18307224
nwsapi_2_2_26,f92be638e790291abc7d18da1074da940f74980c,runtime_ns,8,135091.125,14813.679483480319,122706.57902549364,147475.67097450636
nwsapi_2_2_26,f92be638e790291abc7d18da1074da940f74980c,rss,8,198105088.0,1215320.4438609127,197089054.68244797,199121121.31755203
nwsapi_2_2_27,f92be638e790291abc7d18da1074da940f74980c,runtime_ns,8,133526.0,9622.000274668168,125481.80646245058,141570.1935375494
nwsapi_2_2_27,f92be638e790291abc7d18da1074da940f74980c,rss,8,198496256.0,1175960.7134195792,197513128.24056664,199479383.75943336
nwsapi_2_2_21,f68c830ce9b23e395a83e39f2d118d1ec46e545e,runtime_ns,5,30545.7,1008.6576847474073,29293.286066337583,31798.11393366242
nwsapi_2_2_21,f68c830ce9b23e395a83e39f2d118d1ec46e545e,rss,5,196286873.6,467245.713051281,195706711.41978917,196867035.78021082
nwsapi_2_2_22,f68c830ce9b23e395a83e39f2d118d1ec46e545e,runtime_ns,4,32322.875,535.2981061987797,31471.096259851165,33174.65374014884
nwsapi_2_2_22,f68c830ce9b23e395a83e39f2d118d1ec46e545e,rss,4,196820992.0,279650.1317384516,196376006.23573843,197265977.76426157
nwsapi_2_2_23,f68c830ce9b23e395a83e39f2d118d1ec46e545e,runtime_ns,5,31787.4,1135.1252904415442,30377.955793408146,33196.84420659186
nwsapi_2_2_23,f68c830ce9b23e395a83e39f2d118d1ec46e545e,rss,5,195880550.4,690717.2619450017,195022911.64290503,196738189.157095
nwsapi_2_2_24,f68c830ce9b23e395a83e39f2d118d1ec46e545e,runtime_ns,8,33075.5,3188.1205950483472,30410.16448186102,35740.835518138985
nwsapi_2_2_24,f68c830ce9b23e395a83e39f2d118d1ec46e545e,rss,8,197064704.0,939330.9056885727,196279403.71051097,197850004.28948903
nwsapi_2_2_25,f68c830ce9b23e395a83e39f2d118d1ec46e545e,runtime_ns,5,32179.0,1072.0850595918218,30847.8305784927,33510.1694215073
nwsapi_2_2_25,f68c830ce9b23e395a83e39f2d118d1ec46e545e,rss,5,196817715.2,698907.7187177145,195949906.6476015,197685523.7523985
nwsapi_2_2_26,f68c830ce9b23e395a83e39f2d118d1ec46e545e,runtime_ns,8,33773.3125,4664.748706579564,29873.48498715435,37673.14001284565
nwsapi_2_2_26,f68c830ce9b23e395a83e39f2d118d1ec46e545e,rss,8,197457920.0,1288692.6231406552,196380546.00550455,198535293.99449545
nwsapi_2_2_27,f68c830ce9b23e395a83e39f2d118d1ec46e545e,runtime_ns,8,35088.4375,3361.7506115277415,32277.94365546133,37898.931344538665
nwsapi_2_2_27,f68c830ce9b23e395a83e39f2d118d1ec46e545e,rss,8,197353472.0,1591333.8418004655,196023083.61495742,198683860.38504258
nwsapi_2_2_21,e0e9f72a94a9ba44809c7b259f4c618a391aef17,runtime_ns,3,44027.5,536.1007368023289,42695.7519424122,45359.2480575878
nwsapi_2_2_21,e0e9f72a94a9ba44809c7b259f4c618a391aef17,rss,3,196411392.0,284251.7761703522,195705271.4431832,197117512.5568168
nwsapi_2_2_22,e0e9f72a94a9ba44809c7b259f4c618a391aef17,runtime_ns,3,27486.333333333332,497.1911939418611,26251.241938512183,28721.42472815448
nwsapi_2_2_22,e0e9f72a94a9ba44809c7b259f4c618a391aef17,rss,3,197694805.33333334,524629.2222945014,196391554.09754533,198998056.56912136
nwsapi_2_2_23,e0e9f72a94a9ba44809c7b259f4c618a391aef17,runtime_ns,8,35346.3125,14272.86937048624,23413.89509458562,47278.72990541438
nwsapi_2_2_23,e0e9f72a94a9ba44809c7b259f4c618a391aef17,rss,8,197791744.0,867523.5724856621,197066476.14339504,198517011.85660496
nwsapi_2_2_24,e0e9f72a94a9ba44809c7b259f4c618a391aef17,runtime_ns,8,32497.4375,9276.133074560988,24742.396177845676,40252.47882215433
nwsapi_2_2_24,e0e9f72a94a9ba44809c7b259f4c618a391aef17,rss,8,197279744.0,1262160.6029317912,196224551.32949224,198334936.67050776
nwsapi_2_2_25,e0e9f72a94a9ba44809c7b259f4c618a391aef17,runtime_ns,7,29068.5,1529.362230909778,27654.075843104893,30482.924156895107
nwsapi_2_2_25,e0e9f72a94a9ba44809c7b259f4c618a391aef17,rss,7,197593380.57142857,1062412.3314029032,196610813.04376993,198575948.0990872
nwsapi_2_2_26,e0e9f72a94a9ba44809c7b259f4c618a391aef17,runtime_ns,5,28362.4,931.2526107345955,27206.09716001759,29518.702839982412
nwsapi_2_2_26,e0e9f72a94a9ba44809c7b259f4c618a391aef17,rss,5,198023577.6,660724.2859868252,197203180.04135126,198843975.15864873
nwsapi_2_2_27,e0e9f72a94a9ba44809c7b259f4c618a391aef17,runtime_ns,8,29229.3125,2760.586259390515,26921.404631186026,31537.220368813974
nwsapi_2_2_27,e0e9f72a94a9ba44809c7b259f4c618a391aef17,rss,8,197363712.0,871435.0873895969,196635174.03510007,198092249.96489993
nwsapi_2_2_21,29019254af94656314c8b6a513bcb651f131b44a,runtime_ns,0,nan,0,nan,nan
nwsapi_2_2_21,29019254af94656314c8b6a513bcb651f131b44a,rss,0,nan,0,nan,nan
nwsapi_2_2_22,29019254af94656314c8b6a513bcb651f131b44a,runtime_ns,0,nan,0,nan,nan
nwsapi_2_2_22,29019254af94656314c8b6a513bcb651f131b44a,rss,0,nan,0,nan,nan
nwsapi_2_2_23,29019254af94656314c8b6a513bcb651f131b44a,runtime_ns,0,nan,0,nan,nan
nwsapi_2_2_23,29019254af94656314c8b6a513bcb651f131b44a,rss,0,nan,0,nan,nan
nwsapi_2_2_24,29019254af94656314c8b6a513bcb651f131b44a,runtime_ns,0,nan,0,nan,nan
nwsapi_2_2_24,29019254af94656314c8b6a513bcb651f131b44a,rss,0,nan,0,nan,nan
nwsapi_2_2_25,29019254af94656314c8b6a513bcb651f131b44a,runtime_ns,0,nan,0,nan,nan
nwsapi_2_2_25,29019254af94656314c8b6a513bcb651f131b44a,rss,0,nan,0,nan,nan
nwsapi_2_2_26,29019254af94656314c8b6a513bcb651f131b44a,runtime_ns,0,nan,0,nan,nan
nwsapi_2_2_26,29019254af94656314c8b6a513bcb651f131b44a,rss,0,nan,0,nan,nan
nwsapi_2_2_27,29019254af94656314c8b6a513bcb651f131b44a,runtime_ns,0,nan,0,nan,nan
nwsapi_2_2_27,29019254af94656314c8b6a513bcb651f131b44a,rss,0,nan,0,nan,nan
nwsapi_2_2_21,a55662c159e88c263206ef5d635eae553e957a92,runtime_ns,3,108055.66666666667,673.0639518896651,106383.68312135784,109727.6502119755
nwsapi_2_2_21,a55662c159e88c263206ef5d635eae553e957a92,rss,3,197558272.0,1521420.039662946,193778855.1040606,201337688.8959394
nwsapi_2_2_22,a55662c159e88c263206ef5d635eae553e957a92,runtime_ns,3,109375.16666666667,2000.4383477961358,104405.80232687476,114344.53100645858
nwsapi_2_2_22,a55662c159e88c263206ef5d635eae553e957a92,rss,3,197165056.0,445994.0278703292,196057145.41615188,198272966.58384812
nwsapi_2_2_23,a55662c159e88c263206ef5d635eae553e957a92,runtime_ns,8,119057.1875,11247.93956349816,109653.67469968897,128460.70030031103
nwsapi_2_2_23,a55662c159e88c263206ef5d635eae553e957a92,rss,8,197699584.0,852505.1493501792,196986871.85934618,198412296.14065382
nwsapi_2_2_24,a55662c159e88c263206ef5d635eae553e957a92,runtime_ns,3,104416.5,1370.9182141907663,101010.9503644033,107822.0496355967
nwsapi_2_2_24,a55662c159e88c263206ef5d635eae553e957a92,rss,3,197705728.0,1994747.7946567582,192750499.77786234,202660956.22213766
nwsapi_2_2_25,a55662c159e88c263206ef5d635eae553e957a92,runtime_ns,5,107379.1,4007.5004429195014,102403.13097724122,112355.06902275879
nwsapi_2_2_25,a55662c159e88c263206ef5d635eae553e957a92,rss,5,197237145.6,1455624.1221018564,195429749.53266916,199044541.66733083
nwsapi_2_2_26,a55662c159e88c263206ef5d635eae553e957a92,runtime_ns,4,107843.625,3320.14789768468,102560.52879500896,113126.72120499104
nwsapi_2_2_26,a55662c159e88c263206ef5d635eae553e957a92,rss,4,196640768.0,734300.5873745892,195472331.90437105,197809204.09562895
nwsapi_2_2_27,a55662c159e88c263206ef5d635eae553e957a92,runtime_ns,8,112440.0625,9925.371678673873,104142.24412167764,120737.88087832236
nwsapi_2_2_27,a55662c159e88c263206ef5d635eae553e957a92,rss,8,197357568.0,1247760.5823389585,196314414.04797977,198400721.95202023
nwsapi_2_2_21,d226b33f266d5df52625aec912fc3dc8dadac5d6,runtime_ns,8,34981.6875,1866.9874499826872,33420.84693139437,36542.52806860563
nwsapi_2_2_21,d226b33f266d5df52625aec912fc3dc8dadac5d6,rss,8,196978688.0,1026284.1906651114,196120692.94506615,197836683.05493385
nwsapi_2_2_22,d226b33f266d5df52625aec912fc3dc8dadac5d6,runtime_ns,4,32208.375,967.8441140838057,30668.319037521705,33748.4309624783
nwsapi_2_2_22,d226b33f266d5df52625aec912fc3dc8dadac5d6,rss,4,197521408.0,957529.9836502946,195997764.12066686,199045051.87933314
nwsapi_2_2_23,d226b33f266d5df52625aec912fc3dc8dadac5d6,runtime_ns,8,34664.0625,2426.868211700892,32635.14990097997,36692.97509902003
nwsapi_2_2_23,d226b33f266d5df52625aec912fc3dc8dadac5d6,rss,8,197584896.0,1216644.979744825,196567755.34273756,198602036.65726244
nwsapi_2_2_24,d226b33f266d5df52625aec912fc3dc8dadac5d6,runtime_ns,8,34192.75,2318.782716365267,32254.199136405266,36131.30086359473
nwsapi_2_2_24,d226b33f266d5df52625aec912fc3dc8dadac5d6,rss,8,198182912.0,2264168.8323600907,196290019.48604506,200075804.51395494
nwsapi_2_2_25,d226b33f266d5df52625aec912fc3dc8dadac5d6,runtime_ns,8,55161.375,57689.500725094804,6931.745435448356,103391.00456455164
nwsapi_2_2_25,d226b33f266d5df52625aec912fc3dc8dadac5d6,rss,8,197732352.0,1343885.7669004886,196608835.3825908,198855868.6174092
nwsapi_2_2_26,d226b33f266d5df52625aec912fc3dc8dadac5d6,runtime_ns,7,33574.5,1553.5878904437088,32137.670844884735,35011.329155115265
nwsapi_2_2_26,d226b33f266d5df52625aec912fc3dc8dadac5d6,rss,7,197626148.57142857,1260554.3583961856,196460330.23254207,198791966.91031507
nwsapi_2_2_27,d226b33f266d5df52625aec912fc3dc8dadac5d6,runtime_ns,4,33218.75,962.7308813993659,31686.83033175403,34750.66966824597
nwsapi_2_2_27,d226b33f266d5df52625aec912fc3dc8dadac5d6,rss,4,197050368.0,1267900.0226747638,195032856.1286848,199067879.8713152
nwsapi_2_2_21,0167eca6b22b1fa40cea9b76a5d677ced09d22b9,runtime_ns,0,nan,0,nan,nan
nwsapi_2_2_21,0167eca6b22b1fa40cea9b76a5d677ced09d22b9,rss,0,nan,0,nan,nan
nwsapi_2_2_22,0167eca6b22b1fa40cea9b76a5d677ced09d22b9,runtime_ns,0,nan,0,nan,nan
nwsapi_2_2_22,0167eca6b22b1fa40cea9b76a5d677ced09d22b9,rss,0,nan,0,nan,nan
nwsapi_2_2_23,0167eca6b22b1fa40cea9b76a5d677ced09d22b9,runtime_ns,0,nan,0,nan,nan
nwsapi_2_2_23,0167eca6b22b1fa40cea9b76a5d677ced09d22b9,rss,0,nan,0,nan,nan
nwsapi_2_2_24,0167eca6b22b1fa40cea9b76a5d677ced09d22b9,runtime_ns,0,nan,0,nan,nan
nwsapi_2_2_24,0167eca6b22b1fa40cea9b76a5d677ced09d22b9,rss,0,nan,0,nan,nan
nwsapi_2_2_25,0167eca6b22b1fa40cea9b76a5d677ced09d22b9,runtime_ns,0,nan,0,nan,nan
nwsapi_2_2_25,0167eca6b22b1fa40cea9b76a5d677ced09d22b9,rss,0,nan,0,nan,nan
nwsapi_2_2_26,0167eca6b22b1fa40cea9b76a5d677ced09d22b9,runtime_ns,0,nan,0,nan,nan
nwsapi_2_2_26,0167eca6b22b1fa40cea9b76a5d677ced09d22b9,rss,0,nan,0,nan,nan
nwsapi_2_2_27,0167eca6b22b1fa40cea9b76a5d677ced09d22b9,runtime_ns,0,nan,0,nan,nan
nwsapi_2_2_27,0167eca6b22b1fa40cea9b76a5d677ced09d22b9,rss,0,nan,0,nan,nan
nwsapi_2_2_21,be597e627b98a63391fe9912dca26ff2ae3fcce3,runtime_ns,4,303312.5,7015.00359942887,292150.06385672285,314474.93614327715
nwsapi_2_2_21,be597e627b98a63391fe9912dca26ff2ae3fcce3,rss,4,204255232.0,1775901.405743761,201429376.56637132,207081087.43362868
nwsapi_2_2_22,be597e627b98a63391fe9912dca26ff2ae3fcce3,runtime_ns,3,301909.5,3714.196380107008,292682.9247033296,311136.0752966704
nwsapi_2_2_22,be597e627b98a63391fe9912dca26ff2ae3fcce3,rss,3,206629546.66666666,3394705.2308801915,198196631.38236105,215062461.95097226
nwsapi_2_2_23,be597e627b98a63391fe9912dca26ff2ae3fcce3,runtime_ns,3,305930.6666666667,3016.1148988944924,298438.22190335084,313423.1114299825
nwsapi_2_2_23,be597e627b98a63391fe9912dca26ff2ae3fcce3,rss,3,205903189.33333334,1987827.8071315265,200965151.31317195,210841227.35349473
nwsapi_2_2_24,be597e627b98a63391fe9912dca26ff2ae3fcce3,runtime_ns,3,303680.6666666667,4011.4070577957223,293715.7791172149,313645.5542161185
nwsapi_2_2_24,be597e627b98a63391fe9912dca26ff2ae3fcce3,rss,3,205073066.66666666,1719019.19074027,200802786.2677262,209343347.0656071
nwsapi_2_2_25,be597e627b98a63391fe9912dca26ff2ae3fcce3,runtime_ns,7,303321.4285714286,14221.094350847767,290169.1099246173,316473.7472182399
nwsapi_2_2_25,be597e627b98a63391fe9912dca26ff2ae3fcce3,rss,7,205024694.85714287,1803225.607552147,203356989.32074004,206692400.3935457
nwsapi_2_2_26,be597e627b98a63391fe9912dca26ff2ae3fcce3,runtime_ns,8,307869.875,19358.04152348579,291686.1472845892,324053.6027154108
nwsapi_2_2_26,be597e627b98a63391fe9912dca26ff2ae3fcce3,rss,8,204623872.0,1609728.7444563892,203278105.09148574,205969638.90851426
nwsapi_2_2_27,be597e627b98a63391fe9912dca26ff2ae3fcce3,runtime_ns,8,300411.3125,16456.50300453875,286653.3316913434,314169.2933086566
nwsapi_2_2_27,be597e627b98a63391fe9912dca26ff2ae3fcce3,rss,8,204535808.0,1714692.0295136718,203102289.58917487,205969326.41082513
nwsapi_2_2_21,0382b1a0d57ee5a21c3039bf4e213bb30862f326,runtime_ns,3,33847.333333333336,479.5988775355227,32655.943675134215,35038.72299153246
nwsapi_2_2_21,0382b1a0d57ee5a21c3039bf4e213bb30862f326,rss,3,197077674.66666666,1485472.6274170566,193387556.0931271,200767793.2402062
nwsapi_2_2_22,0382b1a0d57ee5a21c3039bf4e213bb30862f326,runtime_ns,7,33294.642857142855,1653.63644014955,31765.284226206757,34824.00148807895
nwsapi_2_2_22,0382b1a0d57ee5a21c3039bf4e213bb30862f326,rss,7,197356982.85714287,1278362.0343417886,196174695.16487065,198539270.54941508
nwsapi_2_2_23,0382b1a0d57ee5a21c3039bf4e213bb30862f326,runtime_ns,4,31974.125,634.4122443910846,30964.633548405425,32983.61645159458
nwsapi_2_2_23,0382b1a0d57ee5a21c3039bf4e213bb30862f326,rss,4,197341184.0,1236413.180251111,195373774.72135288,199308593.27864712
nwsapi_2_2_24,0382b1a0d57ee5a21c3039bf4e213bb30862f326,runtime_ns,8,32945.375,2211.9425003828646,31096.14479223799,34794.60520776201
nwsapi_2_2_24,0382b1a0d57ee5a21c3039bf4e213bb30862f326,rss,8,197754880.0,1047697.9180595358,196878982.62095433,198630777.37904567
nwsapi_2_2_25,0382b1a0d57ee5a21c3039bf4e213bb30862f326,runtime_ns,4,33218.75,652.840141229076,32179.935652302316,34257.564347697684
nwsapi_2_2_25,0382b1a0d57ee5a21c3039bf4e213bb30862f326,rss,4,197931008.0,926082.5623553586,196457403.98552227,199404612.01447773
nwsapi_2_2_26,0382b1a0d57ee5a21c3039bf4e213bb30862f326,runtime_ns,8,34989.4375,2697.0340381015903,32734.660617799607,37244.21438220039
nwsapi_2_2_26,0382b1a0d57ee5a21c3039bf4e213bb30862f326,rss,8,197705728.0,1725450.461350228,196263215.31507558,199148240.68492442
nwsapi_2_2_27,0382b1a0d57ee5a21c3039bf4e213bb30862f326,runtime_ns,3,32930.5,73.25127985230019,32748.533733284923,33112.46626671508
nwsapi_2_2_27,0382b1a0d57ee5a21c3039bf4e213bb30862f326,rss,3,197339818.66666666,925998.0156292632,195039512.07503602,199640125.2582973
nwsapi_2_2_21,8c98cb34f9fd81d659cb2a91a0b1072bcb57b77c,runtime_ns,0,nan,0,nan,nan
nwsapi_2_2_21,8c98cb34f9fd81d659cb2a91a0b1072bcb57b77c,rss,0,nan,0,nan,nan
nwsapi_2_2_22,8c98cb34f9fd81d659cb2a91a0b1072bcb57b77c,runtime_ns,0,nan,0,nan,nan
nwsapi_2_2_22,8c98cb34f9fd81d659cb2a91a0b1072bcb57b77c,rss,0,nan,0,nan,nan
nwsapi_2_2_23,8c98cb34f9fd81d659cb2a91a0b1072bcb57b77c,runtime_ns,0,nan,0,nan,nan
nwsapi_2_2_23,8c98cb34f9fd81d659cb2a91a0b1072bcb57b77c,rss,0,nan,0,nan,nan
nwsapi_2_2_24,8c98cb34f9fd81d659cb2a91a0b1072bcb57b77c,runtime_ns,0,nan,0,nan,nan
nwsapi_2_2_24,8c98cb34f9fd81d659cb2a91a0b1072bcb57b77c,rss,0,nan,0,nan,nan
nwsapi_2_2_25,8c98cb34f9fd81d659cb2a91a0b1072bcb57b77c,runtime_ns,0,nan,0,nan,nan
nwsapi_2_2_25,8c98cb34f9fd81d659cb2a91a0b1072bcb57b77c,rss,0,nan,0,nan,nan
nwsapi_2_2_26,8c98cb34f9fd81d659cb2a91a0b1072bcb57b77c,runtime_ns,0,nan,0,nan,nan
nwsapi_2_2_26,8c98cb34f9fd81d659cb2a91a0b1072bcb57b77c,rss,0,nan,0,nan,nan
nwsapi_2_2_27,8c98cb34f9fd81d659cb2a91a0b1072bcb57b77c,runtime_ns,0,nan,0,nan,nan
nwsapi_2_2_27,8c98cb34f9fd81d659cb2a91a0b1072bcb57b77c,rss,0,nan,0,nan,nan
nwsapi_2_2_21,4c2da0d30956cc376ae7895bdc81a1b146b6f76b,runtime_ns,0,nan,0,nan,nan
nwsapi_2_2_21,4c2da0d30956cc376ae7895bdc81a1b146b6f76b,rss,0,nan,0,nan,nan
nwsapi_2_2_22,4c2da0d30956cc376ae7895bdc81a1b146b6f76b,runtime_ns,0,nan,0,nan,nan
nwsapi_2_2_22,4c2da0d30956cc376ae7895bdc81a1b146b6f76b,rss,0,nan,0,nan,nan
nwsapi_2_2_23,4c2da0d30956cc376ae7895bdc81a1b146b6f76b,runtime_ns,0,nan,0,nan,nan
nwsapi_2_2_23,4c2da0d30956cc376ae7895bdc81a1b146b6f76b,rss,0,nan,0,nan,nan
nwsapi_2_2_24,4c2da0d30956cc376ae7895bdc81a1b146b6f76b,runtime_ns,0,nan,0,nan,nan
nwsapi_2_2_24,4c2da0d30956cc376ae7895bdc81a1b146b6f76b,rss,0,nan,0,nan,nan
nwsapi_2_2_25,4c2da0d30956cc376ae7895bdc81a1b146b6f76b,runtime_ns,0,nan,0,nan,nan
nwsapi_2_2_25,4c2da0d30956cc376ae7895bdc81a1b146b6f76b,rss,0,nan,0,nan,nan
nwsapi_2_2_26,4c2da0d30956cc376ae7895bdc81a1b146b6f76b,runtime_ns,0,nan,0,nan,nan
nwsapi_2_2_26,4c2da0d30956cc376ae7895bdc81a1b146b6f76b,rss,0,nan,0,nan,nan
nwsapi_2_2_27,4c2da0d30956cc376ae7895bdc81a1b146b6f76b,runtime_ns,0,nan,0,nan,nan
nwsapi_2_2_27,4c2da0d30956cc376ae7895bdc81a1b146b6f76b,rss,0,nan,0,nan,nan
nwsapi_2_2_21,c7f5ef62e1331f9a6bf40aee5eedb9dac5d4dab3,runtime_ns,8,12356.625,1480.3667438944215,11119.007430419411,13594.242569580589
nwsapi_2_2_21,c7f5ef62e1331f9a6bf40aee5eedb9dac5d4dab3,rss,8,197595136.0,1028777.6636011162,196735056.34952414,198455215.65047586
nwsapi_2_2_22,c7f5ef62e1331f9a6bf40aee5eedb9dac5d4dab3,runtime_ns,5,11791.8,365.64969574717276,11337.785936836575,12245.814063163423
nwsapi_2_2_22,c7f5ef62e1331f9a6bf40aee5eedb9dac5d4dab3,rss,5,196178739.2,546646.4576114987,195499987.97383818,196857490.4261618
nwsapi_2_2_23,c7f5ef62e1331f9a6bf40aee5eedb9dac5d4dab3,runtime_ns,8,11953.0,1148.5641968500124,10992.776301598564,12913.223698401436
nwsapi_2_2_23,c7f5ef62e1331f9a6bf40aee5eedb9dac5d4dab3,rss,8,197169152.0,1208892.1144367799,196158492.90033767,198179811.09966233
nwsapi_2_2_24,c7f5ef62e1331f9a6bf40aee5eedb9dac5d4dab3,runtime_ns,5,12391.8,457.1857664013612,11824.128893368234,12959.471106631765
nwsapi_2_2_24,c7f5ef62e1331f9a6bf40aee5eedb9dac5d4dab3,rss,5,197437030.4,1242248.666512788,195894574.95397446,198979485.84602556
nwsapi_2_2_25,c7f5ef62e1331f9a6bf40aee5eedb9dac5d4dab3,runtime_ns,8,13890.6875,2351.8880855526027,11924.459855146377,15856.915144853623
nwsapi_2_2_25,c7f5ef62e1331f9a6bf40aee5eedb9dac5d4dab3,rss,8,197304320.0,879998.8310433795,196568622.56623805,198040017.43376195
nwsapi_2_2_26,c7f5ef62e1331f9a6bf40aee5eedb9dac5d4dab3,runtime_ns,8,13192.75,1475.5680020153013,11959.144279027856,14426.355720972144
nwsapi_2_2_26,c7f5ef62e1331f9a6bf40aee5eedb9dac5d4dab3,rss,8,197038080.0,1402934.8827637827,195865197.08632535,198210962.91367465
nwsapi_2_2_27,c7f5ef62e1331f9a6bf40aee5eedb9dac5d4dab3,runtime_ns,8,14187.5625,2827.003808142111,11824.12817086633,16550.99682913367
nwsapi_2_2_27,c7f5ef62e1331f9a6bf40aee5eedb9dac5d4dab3,rss,8,197033984.0,1288590.3286038695,195956695.52587745,198111272.47412255
nwsapi_2_2_21,22881769a976c6c1598fd2f464bc54d332aa462e,runtime_ns,5,38124.9,1474.9623469770338,36293.49235505249,39956.30764494751
nwsapi_2_2_21,22881769a976c6c1598fd2f464bc54d332aa462e,rss,5,198859161.6,2056717.3958239376,196305409.655126,201412913.54487398
nwsapi_2_2_22,22881769a976c6c1598fd2f464bc54d332aa462e,runtime_ns,6,32632.083333333332,1449.5270751754404,31110.89795965004,34153.26870701663
nwsapi_2_2_22,22881769a976c6c1598fd2f464bc54d332aa462e,rss,6,199169365.33333334,1539805.4761438754,197553438.58816096,200785292.07850572
nwsapi_2_2_23,22881769a976c6c1598fd2f464bc54d332aa462e,runtime_ns,7,32449.5,1547.5398217816562,31018.264375472372,33880.73562452763
nwsapi_2_2_23,22881769a976c6c1598fd2f464bc54d332aa462e,rss,7,197352301.7142857,887404.8494221253,196531589.11226085,198173014.31631055
nwsapi_2_2_24,22881769a976c6c1598fd2f464bc54d332aa462e,runtime_ns,3,31659.666666666668,398.6233602453992,30669.431344696433,32649.901988636902
nwsapi_2_2_24,22881769a976c6c1598fd2f464bc54d332aa462e,rss,3,197121365.33333334,964339.0991084689,194725814.21032265,199516916.45634404
nwsapi_2_2_25,22881769a976c6c1598fd2f464bc54d332aa462e,runtime_ns,8,33822.75,2247.9466026957643,31943.41960943991,35702.08039056009
nwsapi_2_2_25,22881769a976c6c1598fd2f464bc54d332aa462e,rss,8,197799936.0,1361147.4363017613,196661988.2658291,198937883.7341709
nwsapi_2_2_26,22881769a976c6c1598fd2f464bc54d332aa462e,runtime_ns,6,33486.083333333336,1365.9198884512468,32052.63832114985,34919.528345516825
nwsapi_2_2_26,22881769a976c6c1598fd2f464bc54d332aa462e,rss,6,197427200.0,1165868.6782831075,196203695.85757127,198650704.14242873
nwsapi_2_2_27,22881769a976c6c1598fd2f464bc54d332aa462e,runtime_ns,4,33036.375,985.4771581151268,31468.260929607513,34604.48907039249
nwsapi_2_2_27,22881769a976c6c1598fd2f464bc54d332aa462e,rss,4,197914624.0,1493754.5377792162,195537727.19512188,200291520.80487812
nwsapi_2_2_21,fad99781b81222890b123edb6c0af609e1abb6f1,runtime_ns,8,30273.4375,1678.8698247311663,28869.867201831938,31677.007798168062
nwsapi_2_2_21,fad99781b81222890b123edb6c0af609e1abb6f1,rss,8,197312512.0,1534908.1254411102,196029296.6943518,198595727.3056482
nwsapi_2_2_22,fad99781b81222890b123edb6c0af609e1abb6f1,runtime_ns,8,31880.1875,3176.146698859889,29224.86240958799,34535.51259041201
nwsapi_2_2_22,fad99781b81222890b123edb6c0af609e1abb6f1,rss,8,197498880.0,1380094.131063737,196345092.43261233,198652667.56738767
nwsapi_2_2_23,fad99781b81222890b123edb6c0af609e1abb6f1,runtime_ns,8,31747.375,4177.193801294288,28255.153588416033,35239.59641158397
nwsapi_2_2_23,fad99781b81222890b123edb6c0af609e1abb6f1,rss,8,198029312.0,1419753.8565065223,196842368.07239607,199216255.92760393
nwsapi_2_2_24,fad99781b81222890b123edb6c0af609e1abb6f1,runtime_ns,4,28864.375,880.9782796225267,27462.541964490047,30266.208035509953
nwsapi_2_2_24,fad99781b81222890b123edb6c0af609e1abb6f1,rss,4,196943872.0,962667.4776875624,195412053.2212082,198475690.7787918
nwsapi_2_2_25,fad99781b81222890b123edb6c0af609e1abb6f1,runtime_ns,4,29807.375,610.8213561808941,28835.421915916864,30779.328084083136
nwsapi_2_2_25,fad99781b81222890b123edb6c0af609e1abb6f1,rss,4,197046272.0,906651.242284485,195603587.55190542,198488956.44809458
nwsapi_2_2_26,fad99781b81222890b123edb6c0af609e1abb6f1,runtime_ns,8,31294.3125,1872.4698536100846,29728.888527261046,32859.73647273895
nwsapi_2_2_26,fad99781b81222890b123edb6c0af609e1abb6f1,rss,8,197056512.0,841001.9531174875,196353416.77206233,197759607.22793767
nwsapi_2_2_27,fad99781b81222890b123edb6c0af609e1abb6f1,runtime_ns,5,32620.8,1218.8556415753262,31107.390830848366,34134.20916915163
nwsapi_2_2_27,fad99781b81222890b123edb6c0af609e1abb6f1,rss,5,198501990.4,1752383.4995653206,196326118.89754343,200677861.90245658
nwsapi_2_2_21,67410b6c21b980693806bf621db75df1e3a59af5,runtime_ns,8,56677.0625,4813.1876535610845,52653.136921893114,60700.988078106886
nwsapi_2_2_21,67410b6c21b980693806bf621db75df1e3a59af5,rss,8,198146048.0,2557815.31465987,196007660.88327947,200284435.11672053
nwsapi_2_2_22,67410b6c21b980693806bf621db75df1e3a59af5,runtime_ns,8,55502.75,3938.9216889179925,52209.72905940352,58795.77094059648
nwsapi_2_2_22,67410b6c21b980693806bf621db75df1e3a59af5,rss,8,197201920.0,1265248.2719918196,196144145.973559,198259694.026441
nwsapi_2_2_23,67410b6c21b980693806bf621db75df1e3a59af5,runtime_ns,8,55921.875,3979.115719693797,52595.25100875032,59248.49899124968
nwsapi_2_2_23,67410b6c21b980693806bf621db75df1e3a59af5,rss,8,197386240.0,1318857.4824579905,196283647.55201724,198488832.44798276
nwsapi_2_2_24,67410b6c21b980693806bf621db75df1e3a59af5,runtime_ns,6,62586.75,2856.7234159085124,59588.802634020205,65584.6973659798
nwsapi_2_2_24,67410b6c21b980693806bf621db75df1e3a59af5,rss,6,196777301.33333334,1181588.211837384,195537300.55215022,198017302.11451647
nwsapi_2_2_25,67410b6c21b980693806bf621db75df1e3a59af5,runtime_ns,8,85286.5,57154.187381278425,37504.4035905064,133068.5964094936
nwsapi_2_2_25,67410b6c21b980693806bf621db75df1e3a59af5,rss,8,197660672.0,1441572.5547284416,196455487.18419984,198865856.81580016
nwsapi_2_2_26,67410b6c21b980693806bf621db75df1e3a59af5,runtime_ns,8,62729.25,3660.646449545685,59668.87298149028,65789.62701850971
nwsapi_2_2_26,67410b6c21b980693806bf621db75df1e3a59af5,rss,8,197617664.0,1898018.8939718923,196030880.494991,199204447.505009
nwsapi_2_2_27,67410b6c21b980693806bf621db75df1e3a59af5,runtime_ns,7,62381.0,2762.9413071338786,59825.705479244934,64936.294520755066
nwsapi_2_2_27,67410b6c21b980693806bf621db75df1e3a59af5,rss,7,198590464.0,2094611.7949036125,196653271.18710658,200527656.81289342
nwsapi_2_2_21,ee0c58a7ba093bac304e05efa4c391aa719cf130,runtime_ns,3,232388.83333333334,3630.119637606085,223371.11624339063,241406.55042327606
nwsapi_2_2_21,ee0c58a7ba093bac304e05efa4c391aa719cf130,rss,3,201610581.33333334,1783549.727954153,197179998.1933404,206041164.4733263
nwsapi_2_2_22,ee0c58a7ba093bac304e05efa4c391aa719cf130,runtime_ns,8,235137.9375,15465.711619204363,222208.27901845344,248067.59598154656
nwsapi_2_2_22,ee0c58a7ba093bac304e05efa4c391aa719cf130,rss,8,201684992.0,1910454.2407231696,200087812.28493923,203282171.71506077
nwsapi_2_2_23,ee0c58a7ba093bac304e05efa4c391aa719cf130,runtime_ns,4,238937.5,6809.233253458131,228102.49039535862,249772.50960464138
nwsapi_2_2_23,ee0c58a7ba093bac304e05efa4c391aa719cf130,rss,4,202625024.0,4070566.7990981303,196147843.8648998,209102204.1351002
nwsapi_2_2_24,ee0c58a7ba093bac304e05efa4c391aa719cf130,runtime_ns,8,239880.25,19689.054383083003,223419.78860863743,256340.71139136257
nwsapi_2_2_24,ee0c58a7ba093bac304e05efa4c391aa719cf130,rss,8,200564736.0,1517899.821058783,199295739.99265686,201833732.00734314
nwsapi_2_2_25,ee0c58a7ba093bac304e05efa4c391aa719cf130,runtime_ns,3,231562.5,4281.295744281163,220927.17178647497,242197.82821352503
nwsapi_2_2_25,ee0c58a7ba093bac304e05efa4c391aa719cf130,rss,3,201261056.0,2086179.2943388158,196078699.34146026,206443412.65853974
nwsapi_2_2_26,ee0c58a7ba093bac304e05efa4c391aa719cf130,runtime_ns,4,236312.5,4359.060927156979,229376.26132893134,243248.73867106866
nwsapi_2_2_26,ee0c58a7ba093bac304e05efa4c391aa719cf130,rss,4,202743808.0,2471197.512445063,198811581.30344647,206676034.69655353
nwsapi_2_2_27,ee0c58a7ba093bac304e05efa4c391aa719cf130,runtime_ns,6,237559.16666666666,11161.763291105339,225845.614464898,249272.7188684353
nwsapi_2_2_27,ee0c58a7ba093bac304e05efa4c391aa719cf130,rss,6,200556544.0,1838311.0843040685,198627354.83091548,202485733.16908452
nwsapi_2_2_21,f1c10b2e039b158c579f3c86a67768ca6ac86211,runtime_ns,0,nan,0,nan,nan
nwsapi_2_2_21,f1c10b2e039b158c579f3c86a67768ca6ac86211,rss,0,nan,0,nan,nan
nwsapi_2_2_22,f1c10b2e039b158c579f3c86a67768ca6ac86211,runtime_ns,0,nan,0,nan,nan
nwsapi_2_2_22,f1c10b2e039b158c579f3c86a67768ca6ac86211,rss,0,nan,0,nan,nan
nwsapi_2_2_23,f1c10b2e039b158c579f3c86a67768ca6ac86211,runtime_ns,0,nan,0,nan,nan
nwsapi_2_2_23,f1c10b2e039b158c579f3c86a67768ca6ac86211,rss,0,nan,0,nan,nan
nwsapi_2_2_24,f1c10b2e039b158c579f3c86a67768ca6ac86211,runtime_ns,0,nan,0,nan,nan
nwsapi_2_2_24,f1c10b2e039b158c579f3c86a67768ca6ac86211,rss,0,nan,0,nan,nan
nwsapi_2_2_25,f1c10b2e039b158c579f3c86a67768ca6ac86211,runtime_ns,0,nan,0,nan,nan
nwsapi_2_2_25,f1c10b2e039b158c579f3c86a67768ca6ac86211,rss,0,nan,0,nan,nan
nwsapi_2_2_26,f1c10b2e039b158c579f3c86a67768ca6ac86211,runtime_ns,0,nan,0,nan,nan
nwsapi_2_2_26,f1c10b2e039b158c579f3c86a67768ca6ac86211,rss,0,nan,0,nan,nan
nwsapi_2_2_27,f1c10b2e039b158c579f3c86a67768ca6ac86211,runtime_ns,0,nan,0,nan,nan
nwsapi_2_2_27,f1c10b2e039b158c579f3c86a67768ca6ac86211,rss,0,nan,0,nan,nan
nwsapi_2_2_21,3cbcf68cf03fb421ff1e6cbd7ff262cc0dea0232,runtime_ns,8,98640.625,24476.942460128237,78177.38900580618,119103.86099419382
nwsapi_2_2_21,3cbcf68cf03fb421ff1e6cbd7ff262cc0dea0232,rss,8,198828032.0,1625641.0170753303,197468962.09866562,200187101.90133438
nwsapi_2_2_22,3cbcf68cf03fb421ff1e6cbd7ff262cc0dea0232,runtime_ns,8,76736.9375,5296.48637196329,72308.96408191204,81164.91091808796
nwsapi_2_2_22,3cbcf68cf03fb421ff1e6cbd7ff262cc0dea0232,rss,8,198580224.0,1461785.9392244425,197358140.37186423,199802307.62813577
nwsapi_2_2_23,3cbcf68cf03fb421ff1e6cbd7ff262cc0dea0232,runtime_ns,8,75690.1875,6811.116711133246,69995.95142983086,81384.42357016914
nwsapi_2_2_23,3cbcf68cf03fb421ff1e6cbd7ff262cc0dea0232,rss,8,199032832.0,1611996.2499722422,197685169.40943456,200380494.59056544
nwsapi_2_2_24,3cbcf68cf03fb421ff1e6cbd7ff262cc0dea0232,runtime_ns,8,78708.4375,6083.3586143881075,73622.62242459522,83794.25257540478
nwsapi_2_2_24,3cbcf68cf03fb421ff1e6cbd7ff262cc0dea0232,rss,8,199010304.0,2087106.225085003,197265439.5301653,200755168.4698347
nwsapi_2_2_25,3cbcf68cf03fb421ff1e6cbd7ff262cc0dea0232,runtime_ns,8,78914.0625,7315.011456086625,72798.55988075056,85029.56511924944
nwsapi_2_2_25,3cbcf68cf03fb421ff1e6cbd7ff262cc0dea0232,rss,8,199096320.0,1357103.8538467549,197961752.7853598,200230887.2146402
nwsapi_2_2_26,3cbcf68cf03fb421ff1e6cbd7ff262cc0dea0232,runtime_ns,3,83124.83333333333,1534.578307983445,79312.72948683763,86936.93717982902
nwsapi_2_2_26,3cbcf68cf03fb421ff1e6cbd7ff262cc0dea0232,rss,3,199535274.66666666,1975636.8615525814,194627520.63415983,204443028.69917348
nwsapi_2_2_27,3cbcf68cf03fb421ff1e6cbd7ff262cc0dea0232,runtime_ns,8,76658.875,5399.82801809465,72144.50580367057,81173.24419632943
nwsapi_2_2_27,3cbcf68cf03fb421ff1e6cbd7ff262cc0dea0232,rss,8,197877760.0,1661410.0776526288,196488786.41567597,199266733.58432403
nwsapi_2_2_21,aad45837bb7a189059096c57e0df7c7919530e83,runtime_ns,0,nan,0,nan,nan
nwsapi_2_2_21,aad45837bb7a189059096c57e0df7c7919530e83,rss,0,nan,0,nan,nan
nwsapi_2_2_22,aad45837bb7a189059096c57e0df7c7919530e83,runtime_ns,0,nan,0,nan,nan
nwsapi_2_2_22,aad45837bb7a189059096c57e0df7c7919530e83,rss,0,nan,0,nan,nan
nwsapi_2_2_23,aad45837bb7a189059096c57e0df7c7919530e83,runtime_ns,0,nan,0,nan,nan
nwsapi_2_2_23,aad45837bb7a189059096c57e0df7c7919530e83,rss,0,nan,0,nan,nan
nwsapi_2_2_24,aad45837bb7a189059096c57e0df7c7919530e83,runtime_ns,0,nan,0,nan,nan
nwsapi_2_2_24,aad45837bb7a189059096c57e0df7c7919530e83,rss,0,nan,0,nan,nan
nwsapi_2_2_25,aad45837bb7a189059096c57e0df7c7919530e83,runtime_ns,0,nan,0,nan,nan
nwsapi_2_2_25,aad45837bb7a189059096c57e0df7c7919530e83,rss,0,nan,0,nan,nan
nwsapi_2_2_26,aad45837bb7a189059096c57e0df7c7919530e83,runtime_ns,0,nan,0,nan,nan
nwsapi_2_2_26,aad45837bb7a189059096c57e0df7c7919530e83,rss,0,nan,0,nan,nan
nwsapi_2_2_27,aad45837bb7a189059096c57e0df7c7919530e83,runtime_ns,0,nan,0,nan,nan
nwsapi_2_2_27,aad45837bb7a189059096c57e0df7c7919530e83,rss,0,nan,0,nan,nan
nwsapi_2_2_21,5c4f52feca65e44704443d9b8abb3f16dcf4d8ba,runtime_ns,8,144588.6875,8878.193481533037,137166.33200316186,152011.04299683814
nwsapi_2_2_21,5c4f52feca65e44704443d9b8abb3f16dcf4d8ba,rss,8,200116224.0,1427986.685530566,198922397.2550878,201310050.7449122
nwsapi_2_2_22,5c4f52feca65e44704443d9b8abb3f16dcf4d8ba,runtime_ns,3,123541.33333333333,1693.6615905585547,119334.04470528377,127748.62196138289
nwsapi_2_2_22,5c4f52feca65e44704443d9b8abb3f16dcf4d8ba,rss,3,198814378.66666666,1767372.1861852792,194423982.7682652,203204774.56506813
nwsapi_2_2_23,5c4f52feca65e44704443d9b8abb3f16dcf4d8ba,runtime_ns,7,123705.28571428571,6466.721450737504,117724.56587501403,129686.00555355739
nwsapi_2_2_23,5c4f52feca65e44704443d9b8abb3f16dcf4d8ba,rss,7,198847926.85714287,1477340.0586761136,197481615.18505633,200214238.5292294
nwsapi_2_2_24,5c4f52feca65e44704443d9b8abb3f16dcf4d8ba,runtime_ns,7,120979.28571428571,6025.200265393279,115406.90486607199,126551.66656249943
nwsapi_2_2_24,5c4f52feca65e44704443d9b8abb3f16dcf4d8ba,rss,7,199437750.85714287,2442603.192960291,197178719.67930546,201696782.03498027
nwsapi_2_2_25,5c4f52feca65e44704443d9b8abb3f16dcf4d8ba,runtime_ns,3,116298.5,2282.855284506664,110627.57309728846,121969.42690271154
nwsapi_2_2_25,5c4f52feca65e44704443d9b8abb3f16dcf4d8ba,rss,3,199322282.66666666,1379502.9634144804,195895407.33177742,202749158.0015559
nwsapi_2_2_26,5c4f52feca65e44704443d9b8abb3f16dcf4d8ba,runtime_ns,3,123867.83333333333,1414.4631785003571,120354.11200973835,127381.5546569283
nwsapi_2_2_26,5c4f52feca65e44704443d9b8abb3f16dcf4d8ba,rss,3,200436394.66666666,926287.8579908804,198135368.06669506,202737421.26663825
nwsapi_2_2_27,5c4f52feca65e44704443d9b8abb3f16dcf4d8ba,runtime_ns,8,122559.875,8264.971003967805,115650.18632402,129469.56367598
nwsapi_2_2_27,5c4f52feca65e44704443d9b8abb3f16dcf4d8ba,rss,8,198909952.0,1770013.7160198183,197430183.50183588,200389720.49816412
nwsapi_2_2_21,fd8c9fa05acea7d5cdfeed037e25e1210f60fc2b,runtime_ns,8,8466.0625,1357.1130187039378,7331.487623347454,9600.637376652545
nwsapi_2_2_21,fd8c9fa05acea7d5cdfeed037e25e1210f60fc2b,rss,8,196624384.0,791729.2072939369,195962481.81843695,197286286.18156305
nwsapi_2_2_22,fd8c9fa05acea7d5cdfeed037e25e1210f60fc2b,runtime_ns,8,8864.5625,1005.8867600814432,8023.620123781588,9705.504876218412
nwsapi_2_2_22,fd8c9fa05acea7d5cdfeed037e25e1210f60fc2b,rss,8,196423680.0,715971.9625476166,195825112.4600099,197022247.5399901
nwsapi_2_2_23,fd8c9fa05acea7d5cdfeed037e25e1210f60fc2b,runtime_ns,8,9007.875,1397.754059451907,7839.323363005346,10176.426636994653
nwsapi_2_2_23,fd8c9fa05acea7d5cdfeed037e25e1210f60fc2b,rss,8,197195776.0,1008284.1733491039,196352829.33613202,198038722.66386798
nwsapi_2_2_24,fd8c9fa05acea7d5cdfeed037e25e1210f60fc2b,runtime_ns,8,8786.4375,1104.494145282937,7863.057286725939,9709.817713274062
nwsapi_2_2_24,fd8c9fa05acea7d5cdfeed037e25e1210f60fc2b,rss,8,196331520.0,815890.1822349798,195649418.73789927,197013621.26210073
nwsapi_2_2_25,fd8c9fa05acea7d5cdfeed037e25e1210f60fc2b,runtime_ns,8,8601.625,828.327305477732,7909.126042663451,9294.12395733655
nwsapi_2_2_25,fd8c9fa05acea7d5cdfeed037e25e1210f60fc2b,rss,8,196677632.0,968013.767987094,195868352.23753718,197486911.76246282
nwsapi_2_2_26,fd8c9fa05acea7d5cdfeed037e25e1210f60fc2b,runtime_ns,4,8525.875,256.05122371640147,8118.440364560183,8933.309635439817
nwsapi_2_2_26,fd8c9fa05acea7d5cdfeed037e25e1210f60fc2b,rss,4,196096000.0,421841.6026267047,195424755.87515286,196767244.12484714
nwsapi_2_2_27,fd8c9fa05acea7d5cdfeed037e25e1210f60fc2b,runtime_ns,8,8846.3125,812.5109642117365,8167.036334865459,9525.58866513454
nwsapi_2_2_27,fd8c9fa05acea7d5cdfeed037e25e1210f60fc2b,rss,8,196464640.0,1357479.9753795897,195329758.3398893,197599521.6601107
nwsapi_2_2_21,8b1759d08683f4071aa7576e08b81a4477540ab7,runtime_ns,3,78819.5,1179.3762122410303,75889.7670748308,81749.2329251692
nwsapi_2_2_21,8b1759d08683f4071aa7576e08b81a4477540ab7,rss,3,198443008.0,1888002.7595912036,193752949.1450108,203133066.8549892
nwsapi_2_2_22,8b1759d08683f4071aa7576e08b81a4477540ab7,runtime_ns,8,79130.3125,6006.417912399441,74108.82146118261,84151.80353881739
nwsapi_2_2_22,8b1759d08683f4071aa7576e08b81a4477540ab7,rss,8,197130240.0,1541475.7588426191,195841534.01542252,198418945.98457748
nwsapi_2_2_23,8b1759d08683f4071aa7576e08b81a4477540ab7,runtime_ns,4,76729.25,2096.4675249889597,73393.3023354758,80065.1976645242
nwsapi_2_2_23,8b1759d08683f4071aa7576e08b81a4477540ab7,rss,4,197603328.0,967199.6663247288,196064297.4977166,199142358.5022834
nwsapi_2_2_24,8b1759d08683f4071aa7576e08b81a4477540ab7,runtime_ns,8,80713.75,5615.259140439176,76019.27587822037,85408.22412177963
nwsapi_2_2_24,8b1759d08683f4071aa7576e08b81a4477540ab7,rss,8,198041600.0,1260610.1298656932,196987703.55741394,199095496.44258606
nwsapi_2_2_25,8b1759d08683f4071aa7576e08b81a4477540ab7,runtime_ns,5,81108.3,2686.721854788843,77772.29419972145,84444.30580027855
nwsapi_2_2_25,8b1759d08683f4071aa7576e08b81a4477540ab7,rss,5,197456691.2,1795950.976129137,195226723.53040153,199686658.86959845
nwsapi_2_2_26,8b1759d08683f4071aa7576e08b81a4477540ab7,runtime_ns,5,79608.4,2514.505701922348,76486.22879664492,82730.57120335507
nwsapi_2_2_26,8b1759d08683f4071aa7576e08b81a4477540ab7,rss,5,197928550.4,1330164.8849420135,196276932.55069265,199580168.24930736
nwsapi_2_2_27,8b1759d08683f4071aa7576e08b81a4477540ab7,runtime_ns,8,79890.6875,6375.470923432693,74560.66042276837,85220.71457723163
nwsapi_2_2_27,8b1759d08683f4071aa7576e08b81a4477540ab7,rss,8,197414912.0,941097.4652764263,196628134.8297362,198201689.1702638
nwsapi_2_2_21,a0054a117ca3794f7692b5c4671621663b9b47ab,runtime_ns,6,201149.16666666666,8407.706367771574,192325.81995454675,209972.51337878656
nwsapi_2_2_21,a0054a117ca3794f7692b5c4671621663b9b47ab,rss,6,202265941.33333334,1888831.9584363948,200283733.75837564,204248148.90829104
nwsapi_2_2_22,a0054a117ca3794f7692b5c4671621663b9b47ab,runtime_ns,5,200716.6,6821.7981720364605,192246.21880677008,209186.98119322993
nwsapi_2_2_22,a0054a117ca3794f7692b5c4671621663b9b47ab,rss,5,200458240.0,592548.3747745833,199722494.01584825,201193985.98415175
nwsapi_2_2_23,a0054a117ca3794f7692b5c4671621663b9b47ab,runtime_ns,4,201625.125,6238.828914881916,191697.75598526845,211552.49401473155
nwsapi_2_2_23,a0054a117ca3794f7692b5c4671621663b9b47ab,rss,4,202055680.0,2480593.872016941,198108501.59854513,206002858.40145487
nwsapi_2_2_24,a0054a117ca3794f7692b5c4671621663b9b47ab,runtime_ns,4,196036.5,4388.847703744876,189052.8639203821,203020.1360796179
nwsapi_2_2_24,a0054a117ca3794f7692b5c4671621663b9b47ab,rss,4,203046912.0,1527729.2991347213,200615953.76824751,205477870.23175249
nwsapi_2_2_25,a0054a117ca3794f7692b5c4671621663b9b47ab,runtime_ns,7,198134.0,10097.760564435397,188795.1290744483,207472.8709255517
nwsapi_2_2_25,a0054a117ca3794f7692b5c4671621663b9b47ab,rss,7,202693485.7142857,1492319.4158157199,201313320.44743606,204073650.98113534
nwsapi_2_2_26,a0054a117ca3794f7692b5c4671621663b9b47ab,runtime_ns,3,224361.16666666666,3300.389989582039,216162.54343006262,232559.7899032707
nwsapi_2_2_26,a0054a117ca3794f7692b5c4671621663b9b47ab,rss,3,200633002.66666666,544711.5359209252,199279864.19826004,201986141.13507327
nwsapi_2_2_27,a0054a117ca3794f7692b5c4671621663b9b47ab,runtime_ns,4,220213.75,4175.068093257083,213570.28498615304,226857.21501384696
nwsapi_2_2_27,a0054a117ca3794f7692b5c4671621663b9b47ab,rss,4,203382784.0,2220681.8237145096,199849183.66745454,206916384.33254546
nwsapi_2_2_21,43d34d84a829120f0dc436fe4f6aff65ed884d84,runtime_ns,8,39898.4375,5425.882886929884,35362.285888214,44434.589111786
nwsapi_2_2_21,43d34d84a829120f0dc436fe4f6aff65ed884d84,rss,8,197079040.0,1398198.091889905,195910117.1425973,198247962.8574027
nwsapi_2_2_22,43d34d84a829120f0dc436fe4f6aff65ed884d84,runtime_ns,8,36778.5625,4107.825810376196,33344.33418011498,40212.79081988502
nwsapi_2_2_22,43d34d84a829120f0dc436fe4f6aff65ed884d84,rss,8,197640192.0,947928.5389726681,196847703.90920895,198432680.09079105
nwsapi_2_2_23,43d34d84a829120f0dc436fe4f6aff65ed884d84,runtime_ns,8,38364.625,5936.0001910257,33402.00464950455,43327.24535049545
nwsapi_2_2_23,43d34d84a829120f0dc436fe4f6aff65ed884d84,rss,8,197693440.0,1050430.3603228536,196815258.24205506,198571621.75794494
nwsapi_2_2_24,43d34d84a829120f0dc436fe4f6aff65ed884d84,runtime_ns,8,38070.4375,5694.150528879239,33310.00852694807,42830.86647305193
nwsapi_2_2_24,43d34d84a829120f0dc436fe4f6aff65ed884d84,rss,8,197642240.0,1741916.9203400193,196185961.01085496,199098518.98914504
nwsapi_2_2_25,43d34d84a829120f0dc436fe4f6aff65ed884d84,runtime_ns,8,33848.9375,2763.356013947792,31538.714058428362,36159.16094157164
nwsapi_2_2_25,43d34d84a829120f0dc436fe4f6aff65ed884d84,rss,8,196804608.0,1330120.1985436182,195692599.68573526,197916616.31426474
nwsapi_2_2_26,43d34d84a829120f0dc436fe4f6aff65ed884d84,runtime_ns,8,34479.0625,2608.9408693608657,32297.93334991951,36660.191650080495
nwsapi_2_2_26,43d34d84a829120f0dc436fe4f6aff65ed884d84,rss,8,197304320.0,1663947.1112474012,195913225.40251186,198695414.59748814
nwsapi_2_2_27,43d34d84a829120f0dc436fe4f6aff65ed884d84,runtime_ns,8,37445.3125,6939.548585244164,31643.704696070017,43246.92030392998
nwsapi_2_2_27,43d34d84a829120f0dc436fe4f6aff65ed884d84,rss,8,197292032.0,1397622.0130738395,196123590.75654003,198460473.24345997
nwsapi_2_2_21,37d242abdf32861f7273588970f187ae7b7b7022,runtime_ns,7,2166.6428571428573,116.53780298173432,2058.8633655368744,2274.4223487488402
nwsapi_2_2_21,37d242abdf32861f7273588970f187ae7b7b7022,rss,7,197268041.14285713,1804118.5707164065,195599509.75326845,198936572.53244582
nwsapi_2_2_22,37d242abdf32861f7273588970f187ae7b7b7022,runtime_ns,8,2164.0625,193.13567353768994,2002.5970362094454,2325.5279637905546
nwsapi_2_2_22,37d242abdf32861f7273588970f187ae7b7b7022,rss,8,196618240.0,1287397.5328927292,195541948.7280472,197694531.2719528
nwsapi_2_2_23,37d242abdf32861f7273588970f187ae7b7b7022,runtime_ns,4,2249.875,58.808127272795666,2156.2981463200185,2343.4518536799815
nwsapi_2_2_23,37d242abdf32861f7273588970f187ae7b7b7022,rss,4,196489216.0,947667.2346711863,194981265.95519114,197997166.04480886
nwsapi_2_2_24,37d242abdf32861f7273588970f187ae7b7b7022,runtime_ns,4,2114.625,64.83617174592179,2011.4561823892257,2217.7938176107746
nwsapi_2_2_24,37d242abdf32861f7273588970f187ae7b7b7022,rss,4,196915200.0,859014.9584976194,195548315.5095729,198282084.4904271
nwsapi_2_2_25,37d242abdf32861f7273588970f187ae7b7b7022,runtime_ns,5,2512.6,91.659287581783,2398.7899625086948,2626.410037491305
nwsapi_2_2_25,37d242abdf32861f7273588970f187ae7b7b7022,rss,5,196149248.0,840788.1857971126,195105271.57958066,197193224.42041934
nwsapi_2_2_26,37d242abdf32861f7273588970f187ae7b7b7022,runtime_ns,8,2640.6875,243.96398116759542,2436.728507619813,2844.646492380187
nwsapi_2_2_26,37d242abdf32861f7273588970f187ae7b7b7022,rss,8,196476928.0,862880.7907813388,195755541.6060344,197198314.3939656
nwsapi_2_2_27,37d242abdf32861f7273588970f187ae7b7b7022,runtime_ns,8,2593.625,258.630976765849,2377.4040924422225,2809.8459075577775
nwsapi_2_2_27,37d242abdf32861f7273588970f187ae7b7b7022,rss,8,196743168.0,1376081.839320405,195592734.79245344,197893601.20754656
nwsapi_2_2_21,1ecf0a5a39ba104cca6e587896f80f514419cb18,runtime_ns,5,2558.2,87.75007122504232,2449.243895720049,2667.156104279951
nwsapi_2_2_21,1ecf0a5a39ba104cca6e587896f80f514419cb18,rss,5,196991385.6,1104468.7604005828,195620006.50306985,198362764.69693014
nwsapi_2_2_22,1ecf0a5a39ba104cca6e587896f80f514419cb18,runtime_ns,8,2414.0625,228.61015436452385,2222.93962805426,2605.18537194574
nwsapi_2_2_22,1ecf0a5a39ba104cca6e587896f80f514419cb18,rss,8,196548608.0,1068749.9331985945,195655110.69585562,197442105.30414438
nwsapi_2_2_23,1ecf0a5a39ba104cca6e587896f80f514419cb18,runtime_ns,7,2425.6428571428573,120.0901447128067,2314.5779973903195,2536.707716895395
nwsapi_2_2_23,1ecf0a5a39ba104cca6e587896f80f514419cb18,rss,7,196359899.42857143,726547.9563687582,195687954.64017463,197031844.21696824
nwsapi_2_2_24,1ecf0a5a39ba104cca6e587896f80f514419cb18,runtime_ns,6,2395.8333333333335,108.66032701343516,2281.801313522682,2509.865353143985
nwsapi_2_2_24,1ecf0a5a39ba104cca6e587896f80f514419cb18,rss,6,197476352.0,1950783.3740886762,195429130.4015148,199523573.5984852
nwsapi_2_2_25,1ecf0a5a39ba104cca6e587896f80f514419cb18,runtime_ns,8,2809.9375,386.81644202570885,2486.5508616361412,3133.3241383638588
nwsapi_2_2_25,1ecf0a5a39ba104cca6e587896f80f514419cb18,rss,8,197025792.0,1413616.0123274536,195843979.4385435,198207604.5614565
nwsapi_2_2_26,1ecf0a5a39ba104cca6e587896f80f514419cb18,runtime_ns,6,2850.6666666666665,134.82494823535689,2709.1765608413516,2992.1567724919814
nwsapi_2_2_26,1ecf0a5a39ba104cca6e587896f80f514419cb18,rss,6,196438698.66666666,1257568.503571661,195118961.4594079,197758435.87392542
nwsapi_2_2_27,1ecf0a5a39ba104cca6e587896f80f514419cb18,runtime_ns,8,2856.75,270.53716406966555,2630.5752707593897,3082.9247292406103
nwsapi_2_2_27,1ecf0a5a39ba104cca6e587896f80f514419cb18,rss,8,197167104.0,1362208.8011729857,196028268.94259125,198305939.05740875
nwsapi_2_2_21,71903b6a0c040e60c545244e4e662c0b026b7cbb,runtime_ns,8,2244.8125,202.86887698708247,2075.2098744912746,2414.4151255087254
nwsapi_2_2_21,71903b6a0c040e60c545244e4e662c0b026b7cbb,rss,8,196098048.0,632336.1386026083,195569401.7586257,196626694.2413743
nwsapi_2_2_22,71903b6a0c040e60c545244e4e662c0b026b7cbb,runtime_ns,8,2218.8125,197.91970549045533,2053.3474854071883,2384.2775145928117
nwsapi_2_2_22,71903b6a0c040e60c545244e4e662c0b026b7cbb,rss,8,197705728.0,1113354.4987843847,196774940.3458257,198636515.6541743
nwsapi_2_2_23,71903b6a0c040e60c545244e4e662c0b026b7cbb,runtime_ns,6,2159.5833333333335,80.80062912296331,2074.7882734056784,2244.3783932609886
nwsapi_2_2_23,71903b6a0c040e60c545244e4e662c0b026b7cbb,rss,6,196602538.66666666,910376.582822442,195647157.03492606,197557920.29840726
nwsapi_2_2_24,71903b6a0c040e60c545244e4e662c0b026b7cbb,runtime_ns,6,2184.0833333333335,82.78551604397153,2097.205262329609,2270.961404337058
nwsapi_2_2_24,71903b6a0c040e60c545244e4e662c0b026b7cbb,rss,6,196946602.66666666,1199043.1647534072,195688284.03580076,198204921.29753256
nwsapi_2_2_25,71903b6a0c040e60c545244e4e662c0b026b7cbb,runtime_ns,8,2526.125,369.83990262197045,2216.9311037545376,2835.3188962454624
nwsapi_2_2_25,71903b6a0c040e60c545244e4e662c0b026b7cbb,rss,8,196491264.0,865296.705840422,195767857.85050014,197214670.14949986
nwsapi_2_2_26,71903b6a0c040e60c545244e4e662c0b026b7cbb,runtime_ns,8,2846.4375,511.5130523051894,2418.801886586189,3274.073113413811
nwsapi_2_2_26,71903b6a0c040e60c545244e4e662c0b026b7cbb,rss,8,196730880.0,1036252.1507068496,195864551.5219253,197597208.4780747
nwsapi_2_2_27,71903b6a0c040e60c545244e4e662c0b026b7cbb,runtime_ns,8,2713.5625,257.78291496916546,2498.0505898470847,2929.0744101529153
nwsapi_2_2_27,71903b6a0c040e60c545244e4e662c0b026b7cbb,rss,8,196806656.0,1388888.3112936043,195645516.31395158,197967795.68604842
nwsapi_2_2_21,634fe3bc4970b25a2ad63ac5a01c4bccc73bd6fd,runtime_ns,0,nan,0,nan,nan
nwsapi_2_2_21,634fe3bc4970b25a2ad63ac5a01c4bccc73bd6fd,rss,0,nan,0,nan,nan
nwsapi_2_2_22,634fe3bc4970b25a2ad63ac5a01c4bccc73bd6fd,runtime_ns,0,nan,0,nan,nan
nwsapi_2_2_22,634fe3bc4970b25a2ad63ac5a01c4bccc73bd6fd,rss,0,nan,0,nan,nan
nwsapi_2_2_23,634fe3bc4970b25a2ad63ac5a01c4bccc73bd6fd,runtime_ns,0,nan,0,nan,nan
nwsapi_2_2_23,634fe3bc4970b25a2ad63ac5a01c4bccc73bd6fd,rss,0,nan,0,nan,nan
nwsapi_2_2_24,634fe3bc4970b25a2ad63ac5a01c4bccc73bd6fd,runtime_ns,0,nan,0,nan,nan
nwsapi_2_2_24,634fe3bc4970b25a2ad63ac5a01c4bccc73bd6fd,rss,0,nan,0,nan,nan
nwsapi_2_2_25,634fe3bc4970b25a2ad63ac5a01c4bccc73bd6fd,runtime_ns,0,nan,0,nan,nan
nwsapi_2_2_25,634fe3bc4970b25a2ad63ac5a01c4bccc73bd6fd,rss,0,nan,0,nan,nan
nwsapi_2_2_26,634fe3bc4970b25a2ad63ac5a01c4bccc73bd6fd,runtime_ns,0,nan,0,nan,nan
nwsapi_2_2_26,634fe3bc4970b25a2ad63ac5a01c4bccc73bd6fd,rss,0,nan,0,nan,nan
nwsapi_2_2_27,634fe3bc4970b25a2ad63ac5a01c4bccc73bd6fd,runtime_ns,0,nan,0,nan,nan
nwsapi_2_2_27,634fe3bc4970b25a2ad63ac5a01c4bccc73bd6fd,rss,0,nan,0,nan,nan
nwsapi_2_2_21,a03b3661df39a862c92e38e6ae63cff217e9d5df,runtime_ns,8,16536.375,2808.9540853441213,14188.030616755066,18884.719383244934
nwsapi_2_2_21,a03b3661df39a862c92e38e6ae63cff217e9d5df,rss,8,197595136.0,1631357.2976719197,196231287.16849297,198958984.83150703
nwsapi_2_2_22,a03b3661df39a862c92e38e6ae63cff217e9d5df,runtime_ns,8,17453.125,2630.76688642576,15253.74884301741,19652.501156982587
nwsapi_2_2_22,a03b3661df39a862c92e38e6ae63cff217e9d5df,rss,8,196978688.0,1115485.8084424792,196046118.52636105,197911257.47363895
nwsapi_2_2_23,a03b3661df39a862c92e38e6ae63cff217e9d5df,runtime_ns,8,16755.1875,3213.4818114746768,14068.649474330627,19441.72552566937
nwsapi_2_2_23,a03b3661df39a862c92e38e6ae63cff217e9d5df,rss,8,197384192.0,1043330.881605639,196511945.55479532,198256438.44520468
nwsapi_2_2_24,a03b3661df39a862c92e38e6ae63cff217e9d5df,runtime_ns,8,16796.9375,1926.5912984465594,15186.266867068925,18407.608132931076
nwsapi_2_2_24,a03b3661df39a862c92e38e6ae63cff217e9d5df,rss,8,197089280.0,960025.6094107967,196286678.50523227,197891881.49476773
nwsapi_2_2_25,a03b3661df39a862c92e38e6ae63cff217e9d5df,runtime_ns,8,20000.125,4101.102497674079,16571.517510196605,23428.732489803395
nwsapi_2_2_25,a03b3661df39a862c92e38e6ae63cff217e9d5df,rss,8,197302272.0,1017691.4520630925,196451460.65431154,198153083.34568846
nwsapi_2_2_26,a03b3661df39a862c92e38e6ae63cff217e9d5df,runtime_ns,8,17922.0,3335.7514038925965,15133.242036990108,20710.75796300989
nwsapi_2_2_26,a03b3661df39a862c92e38e6ae63cff217e9d5df,rss,8,196943872.0,1171263.6645303837,195964671.0717079,197923072.9282921
nwsapi_2_2_27,a03b3661df39a862c92e38e6ae63cff217e9d5df,runtime_ns,8,17299.4375,2139.983835678271,15510.366241423568,19088.508758576434
nwsapi_2_2_27,a03b3661df39a862c92e38e6ae63cff217e9d5df,rss,8,197570560.0,1395040.458925424,196404276.98981842,198736843.01018158
nwsapi_2_2_21,4c87179cd4bee94cbb65b7c0bd6bee4bbb5349b6,runtime_ns,5,59941.7,1784.2481469795619,57726.2633120337,62157.1366879663
nwsapi_2_2_21,4c87179cd4bee94cbb65b7c0bd6bee4bbb5349b6,rss,5,199088537.6,1601178.7386687347,197100411.6055057,201076663.59449428
nwsapi_2_2_22,4c87179cd4bee94cbb65b7c0bd6bee4bbb5349b6,runtime_ns,8,57721.5625,4354.0300169375105,54081.502312436474,61361.622687563526
nwsapi_2_2_22,4c87179cd4bee94cbb65b7c0bd6bee4bbb5349b6,rss,8,198416384.0,1573739.94656369,197100704.47946835,199732063.52053165
nwsapi_2_2_23,4c87179cd4bee94cbb65b7c0bd6bee4bbb5349b6,runtime_ns,8,60804.6875,4261.712876108954,57241.80637359418,64367.56862640582
nwsapi_2_2_23,4c87179cd4bee94cbb65b7c0bd6bee4bbb5349b6,rss,8,198569984.0,2158352.7110524424,196765555.97730395,200374412.02269605
nwsapi_2_2_24,4c87179cd4bee94cbb65b7c0bd6bee4bbb5349b6,runtime_ns,8,66348.875,7816.460414453225,59814.15056042666,72883.59943957334
nwsapi_2_2_24,4c87179cd4bee94cbb65b7c0bd6bee4bbb5349b6,rss,8,198127616.0,1402798.2057489848,196954847.35116923,199300384.64883077
nwsapi_2_2_25,4c87179cd4bee94cbb65b7c0bd6bee4bbb5349b6,runtime_ns,7,65018.0,3095.277074296688,62155.346157970394,67880.65384202961
nwsapi_2_2_25,4c87179cd4bee94cbb65b7c0bd6bee4bbb5349b6,rss,7,198620891.42857143,1874743.6553647236,196887042.72972113,200354740.12742174
nwsapi_2_2_26,4c87179cd4bee94cbb65b7c0bd6bee4bbb5349b6,runtime_ns,3,61173.666666666664,1202.764974271089,58185.832835707435,64161.50049762589
nwsapi_2_2_26,4c87179cd4bee94cbb65b7c0bd6bee4bbb5349b6,rss,3,199797418.66666666,2123693.3805851853,194521871.85176045,205072965.48157287
nwsapi_2_2_27,4c87179cd4bee94cbb65b7c0bd6bee4bbb5349b6,runtime_ns,5,60929.1,2436.6965701539452,57903.54159429325,63954.658405706745
nwsapi_2_2_27,4c87179cd4bee94cbb65b7c0bd6bee4bbb5349b6,rss,5,199770112.0,2448791.4675578238,196729535.79562488,202810688.20437512
nwsapi_2_2_21,bce8f49ef3e18144bdcb0736490c7350e2ce646b,runtime_ns,8,161604.0625,13630.028017048817,150209.07391534807,172999.05108465193
nwsapi_2_2_21,bce8f49ef3e18144bdcb0736490c7350e2ce646b,rss,8,197621760.0,1546368.8423141486,196328963.29526904,198914556.70473096
nwsapi_2_2_22,bce8f49ef3e18144bdcb0736490c7350e2ce646b,runtime_ns,3,151381.66666666666,2062.9202804115657,146257.08860176173,156506.24473157158
nwsapi_2_2_22,bce8f49ef3e18144bdcb0736490c7350e2ce646b,rss,3,196613461.33333334,1169745.6978836611,193707651.93206283,199519270.73460385
nwsapi_2_2_23,bce8f49ef3e18144bdcb0736490c7350e2ce646b,runtime_ns,8,157614.5,10533.745006271172,148808.06879164482,166420.93120835518
nwsapi_2_2_23,bce8f49ef3e18144bdcb0736490c7350e2ce646b,rss,8,197961728.0,1696039.372480991,196543803.60069817,199379652.39930183
nwsapi_2_2_24,bce8f49ef3e18144bdcb0736490c7350e2ce646b,runtime_ns,3,154965.16666666666,1014.1111050241651,152445.97502677134,157484.35830656198
nwsapi_2_2_24,bce8f49ef3e18144bdcb0736490c7350e2ce646b,rss,3,197804032.0,1579760.8788775597,193879688.4252324,201728375.5747676
nwsapi_2_2_25,bce8f49ef3e18144bdcb0736490c7350e2ce646b,runtime_ns,7,157937.5,7351.666324718499,151138.34265653114,164736.65734346886
nwsapi_2_2_25,bce8f49ef3e18144bdcb0736490c7350e2ce646b,rss,7,197665938.2857143,1867485.1168647204,195938802.61533475,199393073.95609385
nwsapi_2_2_26,bce8f49ef3e18144bdcb0736490c7350e2ce646b,runtime_ns,4,154505.125,3247.5198581635595,149337.59621302594,159672.65378697406
nwsapi_2_2_26,bce8f49ef3e18144bdcb0736490c7350e2ce646b,rss,4,196882432.0,1100973.510666507,195130537.45938206,198634326.54061794
nwsapi_2_2_27,bce8f49ef3e18144bdcb0736490c7350e2ce646b,runtime_ns,8,160877.625,13460.310911687207,149624.5234661888,172130.7265338112
nwsapi_2_2_27,bce8f49ef3e18144bdcb0736490c7350e2ce646b,rss,8,198555648.0,2363460.4515959825,196579745.61502135,200531550.38497865
nwsapi_2_2_21,05caea1c984a72091378ef9cedf79bc99b3ff57c,runtime_ns,8,76156.25,4675.75210909585,72247.22341244163,80065.27658755837
nwsapi_2_2_21,05caea1c984a72091378ef9cedf79bc99b3ff57c,rss,8,198830080.0,1496961.7206855072,197578588.6826281,200081571.3173719
nwsapi_2_2_22,05caea1c984a72091378ef9cedf79bc99b3ff57c,runtime_ns,3,72257.0,797.6296132917835,70275.57819761305,74238.42180238695
nwsapi_2_2_22,05caea1c984a72091378ef9cedf79bc99b3ff57c,rss,3,199835648.0,1022786.8653986518,197294904.5765803,202376391.4234197
nwsapi_2_2_23,05caea1c984a72091378ef9cedf79bc99b3ff57c,runtime_ns,3,71131.83333333333,543.9865194408161,69780.49590570659,72483.17076096007
nwsapi_2_2_23,05caea1c984a72091378ef9cedf79bc99b3ff57c,rss,3,198208170.66666666,1390839.809043922,194753133.04601702,201663208.2873163
nwsapi_2_2_24,05caea1c984a72091378ef9cedf79bc99b3ff57c,runtime_ns,6,73708.16666666667,2690.9800569061576,70884.15628870003,76532.17704463331
nwsapi_2_2_24,05caea1c984a72091378ef9cedf79bc99b3ff57c,rss,6,198803456.0,844435.8740119939,197917274.8982051,199689637.1017949
nwsapi_2_2_25,05caea1c984a72091378ef9cedf79bc99b3ff57c,runtime_ns,8,80132.6875,9236.706153546527,72410.60790868921,87854.76709131079
nwsapi_2_2_25,05caea1c984a72091378ef9cedf79bc99b3ff57c,rss,8,197693440.0,1716710.6190446226,196258234.0060948,199128645.9939052
nwsapi_2_2_26,05caea1c984a72091378ef9cedf79bc99b3ff57c,runtime_ns,8,82341.0625,16665.159804723273,68408.64024094884,96273.48475905116
nwsapi_2_2_26,05caea1c984a72091378ef9cedf79bc99b3ff57c,rss,8,197660672.0,1132673.3483355711,196713733.3834191,198607610.6165809
nwsapi_2_2_27,05caea1c984a72091378ef9cedf79bc99b3ff57c,runtime_ns,3,76410.0,697.6383375360044,74676.970296564,78143.029703436
nwsapi_2_2_27,05caea1c984a72091378ef9cedf79bc99b3ff57c,rss,3,198492160.0,1196368.6101666158,195520215.61833078,201464104.38166922
nwsapi_2_2_21,83e758197020f51e353b421a9f65c17ebbfbdd6f,runtime_ns,5,33466.9,1302.97685129092,31849.040553259165,35084.759446740834
nwsapi_2_2_21,83e758197020f51e353b421a9f65c17ebbfbdd6f,rss,5,197994086.4,1751119.2833513084,195819784.62930232,200168388.1706977
nwsapi_2_2_22,83e758197020f51e353b421a9f65c17ebbfbdd6f,runtime_ns,5,32791.5,1022.9748286248298,31521.308984227882,34061.691015772114
nwsapi_2_2_22,83e758197020f51e353b421a9f65c17ebbfbdd6f,rss,5,197427200.0,896191.3212880384,196314431.500854,198539968.499146
nwsapi_2_2_23,83e758197020f51e353b421a9f65c17ebbfbdd6f,runtime_ns,8,35497.375,3675.5948765374796,32424.50078377969,38570.249216220305
nwsapi_2_2_23,83e758197020f51e353b421a9f65c17ebbfbdd6f,rss,8,196648960.0,1124322.4227179168,195709002.93195042,197588917.06804958
nwsapi_2_2_24,83e758197020f51e353b421a9f65c17ebbfbdd6f,runtime_ns,8,33940.1875,2015.7559542177435,32254.973349374304,35625.401650625696
nwsapi_2_2_24,83e758197020f51e353b421a9f65c17ebbfbdd6f,rss,8,197881856.0,1565428.520177508,196573125.00581577,199190586.99418423
nwsapi_2_2_25,83e758197020f51e353b421a9f65c17ebbfbdd6f,runtime_ns,3,32860.833333333336,322.8042492491902,32058.943124260168,33662.7235424065
nwsapi_2_2_25,83e758197020f51e353b421a9f65c17ebbfbdd6f,rss,3,197438122.66666666,1416086.9799575636,193920367.59663543,200955877.73669788
nwsapi_2_2_26,83e758197020f51e353b421a9f65c17ebbfbdd6f,runtime_ns,8,34338.5,3244.9645606693457,31625.641737333463,37051.35826266654
nwsapi_2_2_26,83e758197020f51e353b421a9f65c17ebbfbdd6f,rss,8,197482496.0,1266314.307274913,196423830.74575913,198541161.25424087
nwsapi_2_2_27,83e758197020f51e353b421a9f65c17ebbfbdd6f,runtime_ns,6,33208.25,1425.1325815516254,31712.665077342754,34703.834922657246
nwsapi_2_2_27,83e758197020f51e353b421a9f65c17ebbfbdd6f,rss,6,197107712.0,1018908.301114482,196038433.31502458,198176990.68497542
nwsapi_2_2_21,4a3086b439e48086f0131b7aa7fd19e7874b8b91,runtime_ns,8,43419.25,6459.889821041842,38018.64695818621,48819.85304181379
nwsapi_2_2_21,4a3086b439e48086f0131b7aa7fd19e7874b8b91,rss,8,196902912.0,1433442.8387323797,195704523.79685944,198101300.20314056
nwsapi_2_2_22,4a3086b439e48086f0131b7aa7fd19e7874b8b91,runtime_ns,8,43726.625,4010.566416622826,40373.70756811782,47079.54243188218
nwsapi_2_2_22,4a3086b439e48086f0131b7aa7fd19e7874b8b91,rss,8,197351424.0,1207406.236576335,196342007.125316,198360840.874684
nwsapi_2_2_23,4a3086b439e48086f0131b7aa7fd19e7874b8b91,runtime_ns,8,45255.1875,7646.699353023872,38862.386859459664,51647.988140540336
nwsapi_2_2_23,4a3086b439e48086f0131b7aa7fd19e7874b8b91,rss,8,197797888.0,1333516.0511755594,196683040.6818882,198912735.3181118
nwsapi_2_2_24,4a3086b439e48086f0131b7aa7fd19e7874b8b91,runtime_ns,7,40619.07142857143,2049.075165950309,38723.992973358196,42514.14988378466
nwsapi_2_2_24,4a3086b439e48086f0131b7aa7fd19e7874b8b91,rss,7,197668278.85714287,1598027.0354821314,196190350.3476799,199146207.36660582
nwsapi_2_2_25,4a3086b439e48086f0131b7aa7fd19e7874b8b91,runtime_ns,6,42305.75,1858.5936820617894,40355.27554995885,44256.22445004115
nwsapi_2_2_25,4a3086b439e48086f0131b7aa7fd19e7874b8b91,rss,6,197271552.0,1462009.2357749317,195737267.4021207,198805836.5978793
nwsapi_2_2_26,4a3086b439e48086f0131b7aa7fd19e7874b8b91,runtime_ns,8,42062.5,2657.137772652585,39841.077230409865,44283.922769590135
nwsapi_2_2_26,4a3086b439e48086f0131b7aa7fd19e7874b8b91,rss,8,197492736.0,1195310.3733010697,196493431.52007928,198492040.47992072
nwsapi_2_2_27,4a3086b439e48086f0131b7aa7fd19e7874b8b91,runtime_ns,8,42341.25,2949.686472443179,39875.250396789364,44807.249603210636
nwsapi_2_2_27,4a3086b439e48086f0131b7aa7fd19e7874b8b91,rss,8,197128192.0,1094833.403238006,196212888.36919397,198043495.63080603
nwsapi_2_2_21,01f05a2709a4b64d71271a6d54dd852d69a873dd,runtime_ns,7,3794.714285714286,176.06884476033258,3631.8777632264223,3957.5508082021493
nwsapi_2_2_21,01f05a2709a4b64d71271a6d54dd852d69a873dd,rss,7,197541888.0,1615742.6428999556,196047575.28633782,199036200.71366218
nwsapi_2_2_22,01f05a2709a4b64d71271a6d54dd852d69a873dd,runtime_ns,8,4041.5,405.03165661111336,3702.8850611507683,4380.114938849231
nwsapi_2_2_22,01f05a2709a4b64d71271a6d54dd852d69a873dd,rss,8,197531648.0,1192192.3494585212,196534950.2532458,198528345.7467542
nwsapi_2_2_23,01f05a2709a4b64d71271a6d54dd852d69a873dd,runtime_ns,8,3736.875,255.52659213027962,3523.2494229463446,3950.5005770536554
nwsapi_2_2_23,01f05a2709a4b64d71271a6d54dd852d69a873dd,rss,8,196904960.0,1006723.6187747148,196063317.99240556,197746602.00759444
nwsapi_2_2_24,01f05a2709a4b64d71271a6d54dd852d69a873dd,runtime_ns,8,3859.25,461.6732765557416,3473.28148184206,4245.21851815794
nwsapi_2_2_24,01f05a2709a4b64d71271a6d54dd852d69a873dd,rss,8,196925440.0,1731018.5319836577,195478272.2915329,198372607.7084671
nwsapi_2_2_25,01f05a2709a4b64d71271a6d54dd852d69a873dd,runtime_ns,8,4057.0625,389.5765501064677,3731.3683535346677,4382.756646465333
nwsapi_2_2_25,01f05a2709a4b64d71271a6d54dd852d69a873dd,rss,8,196483072.0,1697372.8546891012,195064032.78167355,197902111.21832645
nwsapi_2_2_26,01f05a2709a4b64d71271a6d54dd852d69a873dd,runtime_ns,6,4253.583333333333,202.06049011785225,4041.5338535888086,4465.6328130778575
nwsapi_2_2_26,01f05a2709a4b64d71271a6d54dd852d69a873dd,rss,6,198213632.0,1115701.078498717,197042775.52475306,199384488.47524694
nwsapi_2_2_27,01f05a2709a4b64d71271a6d54dd852d69a873dd,runtime_ns,8,4210.9375,502.19734577867183,3791.09001214212,4630.78498785788
nwsapi_2_2_27,01f05a2709a4b64d71271a6d54dd852d69a873dd,rss,8,196139008.0,815631.6339636942,195457122.88966334,196820893.11033666
nwsapi_2_2_21,bfc3237cd66618d15c179bd4729d6cd0764de116,runtime_ns,8,87072.8125,7964.24603165162,80414.53619253285,93731.08880746715
nwsapi_2_2_21,bfc3237cd66618d15c179bd4729d6cd0764de116,rss,8,199718912.0,1861430.0214177885,198162717.55794507,201275106.44205493
nwsapi_2_2_22,bfc3237cd66618d15c179bd4729d6cd0764de116,runtime_ns,8,82812.75,6303.961974142021,77542.50590045913,88082.99409954087
nwsapi_2_2_22,bfc3237cd66618d15c179bd4729d6cd0764de116,rss,8,199151616.0,1864194.9831655025,197593109.9920765,200710122.0079235
nwsapi_2_2_23,bfc3237cd66618d15c179bd4729d6cd0764de116,runtime_ns,8,85549.5625,4598.378304494966,81705.22203187404,89393.90296812596
nwsapi_2_2_23,bfc3237cd66618d15c179bd4729d6cd0764de116,rss,8,200204288.0,1458110.2521293003,198985277.32317713,201423298.67682287
nwsapi_2_2_24,bfc3237cd66618d15c179bd4729d6cd0764de116,runtime_ns,7,82872.07142857143,4028.409512745812,79146.4140182245,86597.72883891837
nwsapi_2_2_24,bfc3237cd66618d15c179bd4729d6cd0764de116,rss,7,198553014.85714287,778180.4568700477,197833317.97018242,199272711.7441033
nwsapi_2_2_25,bfc3237cd66618d15c179bd4729d6cd0764de116,runtime_ns,3,84652.5,1632.7298459941253,80596.57421646568,88708.42578353432
nwsapi_2_2_25,bfc3237cd66618d15c179bd4729d6cd0764de116,rss,3,200906069.33333334,392646.6989920243,199930680.86097297,201881457.80569372
nwsapi_2_2_26,bfc3237cd66618d15c179bd4729d6cd0764de116,runtime_ns,8,84841.125,5527.099883754589,80220.35386124402,89461.89613875598
nwsapi_2_2_26,bfc3237cd66618d15c179bd4729d6cd0764de116,rss,8,199974912.0,1428001.7911281283,198781072.62649217,201168751.37350783
nwsapi_2_2_27,bfc3237cd66618d15c179bd4729d6cd0764de116,runtime_ns,6,84323.08333333333,3716.5935669193996,80422.75758519997,88223.40908146669
nwsapi_2_2_27,bfc3237cd66618d15c179bd4729d6cd0764de116,rss,6,199270400.0,2690704.7688550297,196446678.51912543,202094121.48087457
nwsapi_2_2_21,44cb4a8ec08f8404e85b0340cdf9b05047942eb5,runtime_ns,3,20166.666666666668,280.1661709295634,19470.69531590385,20862.638017429486
nwsapi_2_2_21,44cb4a8ec08f8404e85b0340cdf9b05047942eb5,rss,3,196143786.66666666,875944.0688384923,193967820.97188094,198319752.36145237
nwsapi_2_2_22,44cb4a8ec08f8404e85b0340cdf9b05047942eb5,runtime_ns,8,18189.875,2429.3562896666385,16158.882315745961,20220.867684254037
nwsapi_2_2_22,44cb4a8ec08f8404e85b0340cdf9b05047942eb5,rss,8,198053888.0,1354680.4032479394,196921346.84076294,199186429.15923706
nwsapi_2_2_23,44cb4a8ec08f8404e85b0340cdf9b05047942eb5,runtime_ns,7,17398.785714285714,892.2718128996556,16573.571921781433,18223.999506789994
nwsapi_2_2_23,44cb4a8ec08f8404e85b0340cdf9b05047942eb5,rss,7,196390326.85714287,1597887.0466040906,194912527.81579858,197868125.89848715
nwsapi_2_2_24,44cb4a8ec08f8404e85b0340cdf9b05047942eb5,runtime_ns,6,17319.416666666668,765.4208918409967,16516.156703247758,18122.676630085578
nwsapi_2_2_24,44cb4a8ec08f8404e85b0340cdf9b05047942eb5,rss,6,196714496.0,658037.4108465263,196023928.0886728,197405063.9113272
nwsapi_2_2_25,44cb4a8ec08f8404e85b0340cdf9b05047942eb5,runtime_ns,6,16517.416666666668,673.5895201579866,15810.527817552442,17224.305515780892
nwsapi_2_2_25,44cb4a8ec08f8404e85b0340cdf9b05047942eb5,rss,6,196728149.33333334,1400986.8889029142,195257903.76109162,198198394.90557507
nwsapi_2_2_26,44cb4a8ec08f8404e85b0340cdf9b05047942eb5,runtime_ns,8,16762.9375,1307.5895609178856,15669.76527016804,17856.10972983196
nwsapi_2_2_26,44cb4a8ec08f8404e85b0340cdf9b05047942eb5,rss,8,198301696.0,2153019.287513899,196501726.8309661,200101665.1690339
nwsapi_2_2_27,44cb4a8ec08f8404e85b0340cdf9b05047942eb5,runtime_ns,5,17191.7,587.3386586970076,16462.422732742638,17920.977267257364
nwsapi_2_2_27,44cb4a8ec08f8404e85b0340cdf9b05047942eb5,rss,5,197781094.4,1970294.3631804867,195334650.823375,200227537.97662503
nwsapi_2_2_21,8b56f87040bf8b2d69d6cd702c8e68d7df0fd92b,runtime_ns,7,40494.0,1964.324417367627,38677.30291428023,42310.69708571977
nwsapi_2_2_21,8b56f87040bf8b2d69d6cd702c8e68d7df0fd92b,rss,7,196430116.57142857,814623.1000617928,195676715.86085474,197183517.2820024
nwsapi_2_2_22,8b56f87040bf8b2d69d6cd702c8e68d7df0fd92b,runtime_ns,8,41283.9375,3669.147121972431,38216.453741493606,44351.421258506394
nwsapi_2_2_22,8b56f87040bf8b2d69d6cd702c8e68d7df0fd92b,rss,8,197165056.0,1316092.3044380827,196064775.2986939,198265336.7013061
nwsapi_2_2_23,8b56f87040bf8b2d69d6cd702c8e68d7df0fd92b,runtime_ns,8,40804.75,2380.7618978565906,38814.38324397303,42795.11675602697
nwsapi_2_2_23,8b56f87040bf8b2d69d6cd702c8e68d7df0fd92b,rss,8,197998592.0,1742203.089007216,196542073.76786205,199455110.23213795
nwsapi_2_2_24,8b56f87040bf8b2d69d6cd702c8e68d7df0fd92b,runtime_ns,7,41080.28571428572,2133.755704095927,39106.89082340322,43053.680605168214
nwsapi_2_2_24,8b56f87040bf8b2d69d6cd702c8e68d7df0fd92b,rss,7,196902912.0,845960.3570475392,196120529.16053897,197685294.83946103
nwsapi_2_2_25,8b56f87040bf8b2d69d6cd702c8e68d7df0fd92b,runtime_ns,8,43099.0625,2511.448407329637,40999.4390878788,45198.6859121212
nwsapi_2_2_25,8b56f87040bf8b2d69d6cd702c8e68d7df0fd92b,rss,8,197416960.0,1204003.0584488919,196410388.25343058,198423531.74656942
nwsapi_2_2_26,8b56f87040bf8b2d69d6cd702c8e68d7df0fd92b,runtime_ns,8,41260.375,2551.8753013365344,39126.953858692534,43393.796141307466
nwsapi_2_2_26,8b56f87040bf8b2d69d6cd702c8e68d7df0fd92b,rss,8,197740544.0,1081146.717934514,196836682.72445545,198644405.27554455
nwsapi_2_2_27,8b56f87040bf8b2d69d6cd702c8e68d7df0fd92b,runtime_ns,4,40901.0,1136.266767386368,39092.94601215729,42709.05398784271
nwsapi_2_2_27,8b56f87040bf8b2d69d6cd702c8e68d7df0fd92b,rss,4,197697536.0,968875.012389111,196155839.64827028,199239232.35172972
nwsapi_2_2_21,5f597196f9262a970495f3f49c5fa38f39b5b312,runtime_ns,8,9450.5,1400.6534954390804,8279.524373859143,10621.475626140857
nwsapi_2_2_21,5f597196f9262a970495f3f49c5fa38f39b5b312,rss,8,197580800.0,1772069.3741053948,196099312.92866862,199062287.07133138
nwsapi_2_2_22,5f597196f9262a970495f3f49c5fa38f39b5b312,runtime_ns,8,10023.4375,3150.3122117101348,7389.71058134476,12657.16441865524
nwsapi_2_2_22,5f597196f9262a970495f3f49c5fa38f39b5b312,rss,8,197836800.0,1422836.4323798532,196647278.97447348,199026321.02552652
nwsapi_2_2_23,5f597196f9262a970495f3f49c5fa38f39b5b312,runtime_ns,8,10184.9375,2467.6379746849298,8121.940526155431,12247.934473844569
nwsapi_2_2_23,5f597196f9262a970495f3f49c5fa38f39b5b312,rss,8,197423104.0,1680521.321106213,196018153.0163104,198828054.9836896
nwsapi_2_2_24,5f597196f9262a970495f3f49c5fa38f39b5b312,runtime_ns,8,8721.375,615.8501528085267,8206.511387663217,9236.238612336783
nwsapi_2_2_24,5f597196f9262a970495f3f49c5fa38f39b5b312,rss,8,196501504.0,903096.6787518219,195746496.28230917,197256511.71769083
nwsapi_2_2_25,5f597196f9262a970495f3f49c5fa38f39b5b312,runtime_ns,8,10330.6875,611.1785416892748,9819.72945229663,10841.64554770337
nwsapi_2_2_25,5f597196f9262a970495f3f49c5fa38f39b5b312,rss,8,197535744.0,739017.1281525599,196917910.21942174,198153577.78057826
nwsapi_2_2_26,5f597196f9262a970495f3f49c5fa38f39b5b312,runtime_ns,8,11143.1875,1439.5316931334698,9939.708887191378,12346.666112808622
nwsapi_2_2_26,5f597196f9262a970495f3f49c5fa38f39b5b312,rss,8,196612096.0,1324421.1895133662,195504852.17651713,197719339.82348287
nwsapi_2_2_27,5f597196f9262a970495f3f49c5fa38f39b5b312,runtime_ns,8,10877.6875,1312.4534260444118,9780.44897716228,11974.92602283772
nwsapi_2_2_27,5f597196f9262a970495f3f49c5fa38f39b5b312,rss,8,197978112.0,2025754.9373378241,196284538.49029088,199671685.50970912
nwsapi_2_2_21,c143a68c3a4df7145c970f805733ba63a54f78d9,runtime_ns,5,37820.9,1473.9133878895327,35990.79480978703,39651.00519021297
nwsapi_2_2_21,c143a68c3a4df7145c970f805733ba63a54f78d9,rss,5,196571955.2,1339255.4597070718,194909049.91128388,198234860.4887161
nwsapi_2_2_22,c143a68c3a4df7145c970f805733ba63a54f78d9,runtime_ns,6,37104.166666666664,1596.957628325394,35428.26241609823,38780.0709172351
nwsapi_2_2_22,c143a68c3a4df7145c970f805733ba63a54f78d9,rss,6,197891413.33333334,1287939.421131082,196539803.8027714,199243022.8638953
nwsapi_2_2_23,c143a68c3a4df7145c970f805733ba63a54f78d9,runtime_ns,8,38033.8125,2011.7922524366888,36351.91208699036,39715.71291300964
nwsapi_2_2_23,c143a68c3a4df7145c970f805733ba63a54f78d9,rss,8,197396480.0,1229110.086589248,196368918.2526253,198424041.7473747
nwsapi_2_2_24,c143a68c3a4df7145c970f805733ba63a54f78d9,runtime_ns,8,38723.9375,2577.0439105619225,36569.474874811785,40878.400125188215
nwsapi_2_2_24,c143a68c3a4df7145c970f805733ba63a54f78d9,rss,8,197076992.0,1420191.0178032892,195889682.59640586,198264301.40359414
nwsapi_2_2_25,c143a68c3a4df7145c970f805733ba63a54f78d9,runtime_ns,4,38052.25,957.2016941759628,36529.1285024792,39575.3714975208
nwsapi_2_2_25,c143a68c3a4df7145c970f805733ba63a54f78d9,rss,4,196452352.0,1237290.348126906,194483546.95152017,198421157.04847983
nwsapi_2_2_26,c143a68c3a4df7145c970f805733ba63a54f78d9,runtime_ns,7,38493.92857142857,1869.5374077689964,36764.894848531876,40222.96229432527
nwsapi_2_2_26,c143a68c3a4df7145c970f805733ba63a54f78d9,rss,7,196874825.14285713,1051035.5915209576,195902779.34470803,197846870.94100624
nwsapi_2_2_27,c143a68c3a4df7145c970f805733ba63a54f78d9,runtime_ns,3,36909.666666666664,309.2124404569346,36141.54038238524,37677.79295094809
nwsapi_2_2_27,c143a68c3a4df7145c970f805733ba63a54f78d9,rss,3,197214208.0,1139365.5538131737,194383867.0603034,200044548.9396966
nwsapi_2_2_21,93cda0ec5f7bcbbf472283a6904f6bc10b824eeb,runtime_ns,4,6703.125,129.9829315718029,6496.293149834685,6909.956850165315
nwsapi_2_2_21,93cda0ec5f7bcbbf472283a6904f6bc10b824eeb,rss,4,196706304.0,1639928.460384375,194096811.86516008,199315796.13483992
nwsapi_2_2_22,93cda0ec5f7bcbbf472283a6904f6bc10b824eeb,runtime_ns,8,5801.8125,472.38482628799886,5406.8889021628165,6196.7360978371835
nwsapi_2_2_22,93cda0ec5f7bcbbf472283a6904f6bc10b824eeb,rss,8,196853760.0,1036252.1507068496,195987431.5219253,197720088.4780747
nwsapi_2_2_23,93cda0ec5f7bcbbf472283a6904f6bc10b824eeb,runtime_ns,8,5992.25,473.93512214226115,5596.030322393937,6388.469677606063
nwsapi_2_2_23,93cda0ec5f7bcbbf472283a6904f6bc10b824eeb,rss,8,197652480.0,791523.3289947032,196990749.93700242,198314210.06299758
nwsapi_2_2_24,93cda0ec5f7bcbbf472283a6904f6bc10b824eeb,runtime_ns,8,6101.5,553.7295626670375,5638.570500685486,6564.429499314514
nwsapi_2_2_24,93cda0ec5f7bcbbf472283a6904f6bc10b824eeb,rss,8,196864000.0,1253439.102052999,195816098.68669492,197911901.31330508
nwsapi_2_2_25,93cda0ec5f7bcbbf472283a6904f6bc10b824eeb,runtime_ns,6,6038.083333333333,233.6975431335697,5792.832802612836,6283.33386405383
nwsapi_2_2_25,93cda0ec5f7bcbbf472283a6904f6bc10b824eeb,rss,6,197241514.66666666,1399760.0826716938,195772556.54860723,198710472.78472608
nwsapi_2_2_26,93cda0ec5f7bcbbf472283a6904f6bc10b824eeb,runtime_ns,6,6243.083333333333,247.35185802145628,5983.503477931125,6502.663188735541
nwsapi_2_2_26,93cda0ec5f7bcbbf472283a6904f6bc10b824eeb,rss,6,196449621.33333334,626774.5543713997,195791861.77779606,197107380.88887063
nwsapi_2_2_27,93cda0ec5f7bcbbf472283a6904f6bc10b824eeb,runtime_ns,4,6536.375,195.7380796711088,6224.912035773676,6847.837964226324
nwsapi_2_2_27,93cda0ec5f7bcbbf472283a6904f6bc10b824eeb,rss,4,197734400.0,804027.1680185938,196455013.35489574,199013786.64510426
nwsapi_2_2_21,ec8aa30c3b4c4f380ce3915c7a0c2cb199284fb3,runtime_ns,8,1198208.3125,60486.94638983658,1147639.959832602,1248776.665167398
nwsapi_2_2_21,ec8aa30c3b4c4f380ce3915c7a0c2cb199284fb3,rss,8,200284160.0,1209373.789399645,199273098.2099913,201295221.7900087
nwsapi_2_2_22,ec8aa30c3b4c4f380ce3915c7a0c2cb199284fb3,runtime_ns,4,1167692.75,34670.98462812,1112523.4765348455,1222862.0234651545
nwsapi_2_2_22,ec8aa30c3b4c4f380ce3915c7a0c2cb199284fb3,rss,4,200708096.0,1447698.930144432,198404483.94429934,203011708.05570066
nwsapi_2_2_23,ec8aa30c3b4c4f380ce3915c7a0c2cb199284fb3,runtime_ns,8,1207906.375,61354.83440129811,1156612.4497973884,1259200.3002026116
nwsapi_2_2_23,ec8aa30c3b4c4f380ce3915c7a0c2cb199284fb3,rss,8,201674752.0,2218336.3814524226,199820176.37389344,203529327.62610656
nwsapi_2_2_24,ec8aa30c3b4c4f380ce3915c7a0c2cb199284fb3,runtime_ns,7,1198116.142857143,59831.12153087937,1142781.584492209,1253450.701222077
nwsapi_2_2_24,ec8aa30c3b4c4f380ce3915c7a0c2cb199284fb3,rss,7,201562989.7142857,1884014.13265592,199820567.25392777,203305412.17464364
nwsapi_2_2_25,ec8aa30c3b4c4f380ce3915c7a0c2cb199284fb3,runtime_ns,4,1189682.125,30527.92274125171,1141105.3875320584,1238258.8624679416
nwsapi_2_2_25,ec8aa30c3b4c4f380ce3915c7a0c2cb199284fb3,rss,4,201146368.0,2996047.845357169,196378987.30204493,205913748.69795507
nwsapi_2_2_26,ec8aa30c3b4c4f380ce3915c7a0c2cb199284fb3,runtime_ns,8,1245567.6875,107415.88239506214,1155765.7625024114,1335369.6124975886
nwsapi_2_2_26,ec8aa30c3b4c4f380ce3915c7a0c2cb199284fb3,rss,8,201449472.0,1872287.4437387316,199884200.5257298,203014743.4742702
nwsapi_2_2_27,ec8aa30c3b4c4f380ce3915c7a0c2cb199284fb3,runtime_ns,8,1226997.375,64887.08246570125,1172750.4165151613,1281244.3334848387
nwsapi_2_2_27,ec8aa30c3b4c4f380ce3915c7a0c2cb199284fb3,rss,8,202139648.0,1751784.61561395,200675119.41115767,203604176.58884233
nwsapi_2_2_21,de2b2578e853f1f2485427a01cc009b5be1c76b7,runtime_ns,8,41044.1875,2365.8422531868614,39066.293879060206,43022.081120939794
nwsapi_2_2_21,de2b2578e853f1f2485427a01cc009b5be1c76b7,rss,8,197785600.0,2300228.202566246,195862561.09813192,199708638.90186808
nwsapi_2_2_22,de2b2578e853f1f2485427a01cc009b5be1c76b7,runtime_ns,8,41208.625,2483.320570037511,39132.51704833522,43284.73295166478
nwsapi_2_2_22,de2b2578e853f1f2485427a01cc009b5be1c76b7,rss,8,197369856.0,1005639.7995897224,196529120.08791947,198210591.91208053
nwsapi_2_2_23,de2b2578e853f1f2485427a01cc009b5be1c76b7,runtime_ns,3,39944.333333333336,670.7488973776501,38278.10070224256,41610.56596442411
nwsapi_2_2_23,de2b2578e853f1f2485427a01cc009b5be1c76b7,rss,3,197432661.33333334,1725409.7152634019,193146505.99142712,201718816.67523956
nwsapi_2_2_24,de2b2578e853f1f2485427a01cc009b5be1c76b7,runtime_ns,8,42018.375,2782.0779842977595,39692.49959952166,44344.25040047834
nwsapi_2_2_24,de2b2578e853f1f2485427a01cc009b5be1c76b7,rss,8,198002688.0,973964.9686161348,197188432.90930247,198816943.09069753
nwsapi_2_2_25,de2b2578e853f1f2485427a01cc009b5be1c76b7,runtime_ns,8,40968.5,2465.3944338149454,38907.37867326127,43029.62132673873
nwsapi_2_2_25,de2b2578e853f1f2485427a01cc009b5be1c76b7,rss,8,196710400.0,1238722.9667602957,195674801.68368515,197745998.31631485
nwsapi_2_2_26,de2b2578e853f1f2485427a01cc009b5be1c76b7,runtime_ns,4,40130.125,901.4127222495439,38695.7762062706,41564.4737937294
nwsapi_2_2_26,de2b2578e853f1f2485427a01cc009b5be1c76b7,rss,4,196816896.0,1277628.129901133,194783904.53923482,198849887.46076518
nwsapi_2_2_27,de2b2578e853f1f2485427a01cc009b5be1c76b7,runtime_ns,5,40054.3,1234.9163736868986,38520.94879800064,41587.65120199937
nwsapi_2_2_27,de2b2578e853f1f2485427a01cc009b5be1c76b7,rss,5,196588339.2,749771.6532086285,195657374.73133713,197519303.66866285
nwsapi_2_2_21,389d17683be848ba609ddad9173e94f514dc9c79,runtime_ns,8,53312.5625,4096.808918776208,49887.54453198389,56737.58046801611
nwsapi_2_2_21,389d17683be848ba609ddad9173e94f514dc9c79,rss,8,197603328.0,1214620.1431784576,196587880.14846992,198618775.85153008
nwsapi_2_2_22,389d17683be848ba609ddad9173e94f514dc9c79,runtime_ns,8,51843.5625,4174.069566446601,48353.95301411278,55333.17198588722
nwsapi_2_2_22,389d17683be848ba609ddad9173e94f514dc9c79,rss,8,197953536.0,2074287.9344221097,196219387.88933903,199687684.11066097
nwsapi_2_2_23,389d17683be848ba609ddad9173e94f514dc9c79,runtime_ns,7,50348.28571428572,2202.394849119606,48311.41020195989,52385.16122661155
nwsapi_2_2_23,389d17683be848ba609ddad9173e94f514dc9c79,rss,7,196919296.0,1430577.4765960772,195596232.50313056,198242359.49686944
nwsapi_2_2_24,389d17683be848ba609ddad9173e94f514dc9c79,runtime_ns,3,49354.0,145.67858456204192,48992.11433429502,49715.88566570498
nwsapi_2_2_24,389d17683be848ba609ddad9173e94f514dc9c79,rss,3,195695957.33333334,502412.98463050625,194447894.29133967,196944020.37532702
nwsapi_2_2_25,389d17683be848ba609ddad9173e94f514dc9c79,runtime_ns,5,51833.5,1788.6437948904193,49612.60539427401,54054.39460572599
nwsapi_2_2_25,389d17683be848ba609ddad9173e94f514dc9c79,rss,5,196968448.0,1478741.094504376,195132348.4202895,198804547.5797105
nwsapi_2_2_26,389d17683be848ba609ddad9173e94f514dc9c79,runtime_ns,4,50739.75,1389.1081971298468,48529.3688752024,52950.1311247976
nwsapi_2_2_26,389d17683be848ba609ddad9173e94f514dc9c79,rss,4,197079040.0,1296123.5251749735,195016618.2380578,199141461.7619422
nwsapi_2_2_27,389d17683be848ba609ddad9173e94f514dc9c79,runtime_ns,8,53799.5625,4414.338976866024,50109.08276017451,57490.04223982549
nwsapi_2_2_27,389d17683be848ba609ddad9173e94f514dc9c79,rss,8,196784128.0,1172924.075105095,195803538.93372896,197764717.06627104
nwsapi_2_2_21,12626b161c53c2dbf83081b6ee99e5b6b8a58f93,runtime_ns,0,nan,0,nan,nan
nwsapi_2_2_21,12626b161c53c2dbf83081b6ee99e5b6b8a58f93,rss,0,nan,0,nan,nan
nwsapi_2_2_22,12626b161c53c2dbf83081b6ee99e5b6b8a58f93,runtime_ns,0,nan,0,nan,nan
nwsapi_2_2_22,12626b161c53c2dbf83081b6ee99e5b6b8a58f93,rss,0,nan,0,nan,nan
nwsapi_2_2_23,12626b161c53c2dbf83081b6ee99e5b6b8a58f93,runtime_ns,0,nan,0,nan,nan
nwsapi_2_2_23,12626b161c53c2dbf83081b6ee99e5b6b8a58f93,rss,0,nan,0,nan,nan
nwsapi_2_2_24,12626b161c53c2dbf83081b6ee99e5b6b8a58f93,runtime_ns,0,nan,0,nan,nan
nwsapi_2_2_24,12626b161c53c2dbf83081b6ee99e5b6b8a58f93,rss,0,nan,0,nan,nan
nwsapi_2_2_25,12626b161c53c2dbf83081b6ee99e5b6b8a58f93,runtime_ns,0,nan,0,nan,nan
nwsapi_2_2_25,12626b161c53c2dbf83081b6ee99e5b6b8a58f93,rss,0,nan,0,nan,nan
nwsapi_2_2_26,12626b161c53c2dbf83081b6ee99e5b6b8a58f93,runtime_ns,0,nan,0,nan,nan
nwsapi_2_2_26,12626b161c53c2dbf83081b6ee99e5b6b8a58f93,rss,0,nan,0,nan,nan
nwsapi_2_2_27,12626b161c53c2dbf83081b6ee99e5b6b8a58f93,runtime_ns,0,nan,0,nan,nan
nwsapi_2_2_27,12626b161c53c2dbf83081b6ee99e5b6b8a58f93,rss,0,nan,0,nan,nan
nwsapi_2_2_21,cbad2a831b2980573a4f2592480ba5fb80c4181a,runtime_ns,0,nan,0,nan,nan
nwsapi_2_2_21,cbad2a831b2980573a4f2592480ba5fb80c4181a,rss,0,nan,0,nan,nan
nwsapi_2_2_22,cbad2a831b2980573a4f2592480ba5fb80c4181a,runtime_ns,0,nan,0,nan,nan
nwsapi_2_2_22,cbad2a831b2980573a4f2592480ba5fb80c4181a,rss,0,nan,0,nan,nan
nwsapi_2_2_23,cbad2a831b2980573a4f2592480ba5fb80c4181a,runtime_ns,0,nan,0,nan,nan
nwsapi_2_2_23,cbad2a831b2980573a4f2592480ba5fb80c4181a,rss,0,nan,0,nan,nan
nwsapi_2_2_24,cbad2a831b2980573a4f2592480ba5fb80c4181a,runtime_ns,0,nan,0,nan,nan
nwsapi_2_2_24,cbad2a831b2980573a4f2592480ba5fb80c4181a,rss,0,nan,0,nan,nan
nwsapi_2_2_25,cbad2a831b2980573a4f2592480ba5fb80c4181a,runtime_ns,0,nan,0,nan,nan
nwsapi_2_2_25,cbad2a831b2980573a4f2592480ba5fb80c4181a,rss,0,nan,0,nan,nan
nwsapi_2_2_26,cbad2a831b2980573a4f2592480ba5fb80c4181a,runtime_ns,0,nan,0,nan,nan
nwsapi_2_2_26,cbad2a831b2980573a4f2592480ba5fb80c4181a,rss,0,nan,0,nan,nan
nwsapi_2_2_27,cbad2a831b2980573a4f2592480ba5fb80c4181a,runtime_ns,0,nan,0,nan,nan
nwsapi_2_2_27,cbad2a831b2980573a4f2592480ba5fb80c4181a,rss,0,nan,0,nan,nan
nwsapi_2_2_21,638e30745babfb472bcba80b28df09dc6d26418e,runtime_ns,8,8637.9375,1247.8564030683062,7594.703439845298,9681.171560154702
nwsapi_2_2_21,638e30745babfb472bcba80b28df09dc6d26418e,rss,8,197838848.0,1399642.3887820162,196668717.68017843,199008978.31982157
nwsapi_2_2_22,638e30745babfb472bcba80b28df09dc6d26418e,runtime_ns,8,8073.0,591.8712456510888,7578.183255724652,8567.81674427535
nwsapi_2_2_22,638e30745babfb472bcba80b28df09dc6d26418e,rss,8,197603328.0,1443008.3181164074,196396942.85596898,198809713.14403102
nwsapi_2_2_23,638e30745babfb472bcba80b28df09dc6d26418e,runtime_ns,8,8289.0625,633.0103495825099,7759.852604140884,8818.272395859116
nwsapi_2_2_23,638e30745babfb472bcba80b28df09dc6d26418e,rss,8,197111808.0,1667118.7245119305,195718061.86746737,198505554.13253263
nwsapi_2_2_24,638e30745babfb472bcba80b28df09dc6d26418e,runtime_ns,8,8729.0625,1634.719142270972,7362.403096072891,10095.72190392711
nwsapi_2_2_24,638e30745babfb472bcba80b28df09dc6d26418e,rss,8,196888576.0,1619435.476858349,195534694.06011704,198242457.93988296
nwsapi_2_2_25,638e30745babfb472bcba80b28df09dc6d26418e,runtime_ns,6,8322.833333333334,386.42821670611306,7917.30179046049,8728.364876206178
nwsapi_2_2_25,638e30745babfb472bcba80b28df09dc6d26418e,rss,6,197607424.0,2093539.288235499,195410389.2574032,199804458.7425968
nwsapi_2_2_26,638e30745babfb472bcba80b28df09dc6d26418e,runtime_ns,8,9265.6875,1051.9636379341798,8386.223889893323,10145.151110106677
nwsapi_2_2_26,638e30745babfb472bcba80b28df09dc6d26418e,rss,8,197560320.0,1510058.8430207423,196297879.2143427,198822760.7856573
nwsapi_2_2_27,638e30745babfb472bcba80b28df09dc6d26418e,runtime_ns,8,9312.375,968.8706883347672,8502.378834198355,10122.371165801645
nwsapi_2_2_27,638e30745babfb472bcba80b28df09dc6d26418e,rss,8,197541888.0,1529125.963892165,196263506.70237896,198820269.29762104
nwsapi_2_2_21,a86ff8a24f78efa27bac5fefbbba456556789e62,runtime_ns,0,nan,0,nan,nan
nwsapi_2_2_21,a86ff8a24f78efa27bac5fefbbba456556789e62,rss,0,nan,0,nan,nan
nwsapi_2_2_22,a86ff8a24f78efa27bac5fefbbba456556789e62,runtime_ns,0,nan,0,nan,nan
nwsapi_2_2_22,a86ff8a24f78efa27bac5fefbbba456556789e62,rss,0,nan,0,nan,nan
nwsapi_2_2_23,a86ff8a24f78efa27bac5fefbbba456556789e62,runtime_ns,0,nan,0,nan,nan
nwsapi_2_2_23,a86ff8a24f78efa27bac5fefbbba456556789e62,rss,0,nan,0,nan,nan
nwsapi_2_2_24,a86ff8a24f78efa27bac5fefbbba456556789e62,runtime_ns,0,nan,0,nan,nan
nwsapi_2_2_24,a86ff8a24f78efa27bac5fefbbba456556789e62,rss,0,nan,0,nan,nan
nwsapi_2_2_25,a86ff8a24f78efa27bac5fefbbba456556789e62,runtime_ns,0,nan,0,nan,nan
nwsapi_2_2_25,a86ff8a24f78efa27bac5fefbbba456556789e62,rss,0,nan,0,nan,nan
nwsapi_2_2_26,a86ff8a24f78efa27bac5fefbbba456556789e62,runtime_ns,0,nan,0,nan,nan
nwsapi_2_2_26,a86ff8a24f78efa27bac5fefbbba456556789e62,rss,0,nan,0,nan,nan
nwsapi_2_2_27,a86ff8a24f78efa27bac5fefbbba456556789e62,runtime_ns,0,nan,0,nan,nan
nwsapi_2_2_27,a86ff8a24f78efa27bac5fefbbba456556789e62,rss,0,nan,0,nan,nan
nwsapi_2_2_21,9633f7b68e69522dec8ce479bb8928341d5ed433,runtime_ns,8,36268.125,7430.53272340358,30056.04418438041,42480.205815619585
nwsapi_2_2_21,9633f7b68e69522dec8ce479bb8928341d5ed433,rss,8,197939200.0,2151947.007075619,196140127.27984634,199738272.72015366
nwsapi_2_2_22,9633f7b68e69522dec8ce479bb8928341d5ed433,runtime_ns,4,32890.5,855.1331280371885,31529.792368076174,34251.207631923826
nwsapi_2_2_22,9633f7b68e69522dec8ce479bb8928341d5ed433,rss,4,197206016.0,1131366.3123380214,195405759.7296887,199006272.2703113
nwsapi_2_2_23,9633f7b68e69522dec8ce479bb8928341d5ed433,runtime_ns,7,31675.571428571428,1668.5938798024779,30132.379473166595,33218.76338397626
nwsapi_2_2_23,9633f7b68e69522dec8ce479bb8928341d5ed433,rss,7,196425435.42857143,1296975.0937098288,195225933.5274795,197624937.32966337
nwsapi_2_2_24,9633f7b68e69522dec8ce479bb8928341d5ed433,runtime_ns,8,30708.3125,2463.608966210518,28648.683861533464,32767.941138466536
nwsapi_2_2_24,9633f7b68e69522dec8ce479bb8928341d5ed433,rss,8,197185536.0,1276773.6692165027,196118126.50034907,198252945.49965093
nwsapi_2_2_25,9633f7b68e69522dec8ce479bb8928341d5ed433,runtime_ns,7,34407.78571428572,1741.2343528165793,32797.412526257984,36018.15890231345
nwsapi_2_2_25,9633f7b68e69522dec8ce479bb8928341d5ed433,rss,7,198873673.14285713,1564041.7977939325,197427175.7359757,200320170.54973856
nwsapi_2_2_26,9633f7b68e69522dec8ce479bb8928341d5ed433,runtime_ns,8,35742.125,6150.104457591408,30600.509003245435,40883.74099675456
nwsapi_2_2_26,9633f7b68e69522dec8ce479bb8928341d5ed433,rss,8,198397952.0,1598924.6727043951,197061217.5215092,199734686.4784908
nwsapi_2_2_27,9633f7b68e69522dec8ce479bb8928341d5ed433,runtime_ns,8,35768.1875,4731.062557619286,31812.920220291307,39723.45477970869
nwsapi_2_2_27,9633f7b68e69522dec8ce479bb8928341d5ed433,rss,8,197951488.0,1803005.8424765493,196444137.393869,199458838.606131
nwsapi_2_2_21,fbe329905c5a0caaca5c38863dcbebcedc3a2ed3,runtime_ns,0,nan,0,nan,nan
nwsapi_2_2_21,fbe329905c5a0caaca5c38863dcbebcedc3a2ed3,rss,0,nan,0,nan,nan
nwsapi_2_2_22,fbe329905c5a0caaca5c38863dcbebcedc3a2ed3,runtime_ns,0,nan,0,nan,nan
nwsapi_2_2_22,fbe329905c5a0caaca5c38863dcbebcedc3a2ed3,rss,0,nan,0,nan,nan
nwsapi_2_2_23,fbe329905c5a0caaca5c38863dcbebcedc3a2ed3,runtime_ns,0,nan,0,nan,nan
nwsapi_2_2_23,fbe329905c5a0caaca5c38863dcbebcedc3a2ed3,rss,0,nan,0,nan,nan
nwsapi_2_2_24,fbe329905c5a0caaca5c38863dcbebcedc3a2ed3,runtime_ns,0,nan,0,nan,nan
nwsapi_2_2_24,fbe329905c5a0caaca5c38863dcbebcedc3a2ed3,rss,0,nan,0,nan,nan
nwsapi_2_2_25,fbe329905c5a0caaca5c38863dcbebcedc3a2ed3,runtime_ns,0,nan,0,nan,nan
nwsapi_2_2_25,fbe329905c5a0caaca5c38863dcbebcedc3a2ed3,rss,0,nan,0,nan,nan
nwsapi_2_2_26,fbe329905c5a0caaca5c38863dcbebcedc3a2ed3,runtime_ns,0,nan,0,nan,nan
nwsapi_2_2_26,fbe329905c5a0caaca5c38863dcbebcedc3a2ed3,rss,0,nan,0,nan,nan
nwsapi_2_2_27,fbe329905c5a0caaca5c38863dcbebcedc3a2ed3,runtime_ns,0,nan,0,nan,nan
nwsapi_2_2_27,fbe329905c5a0caaca5c38863dcbebcedc3a2ed3,rss,0,nan,0,nan,nan
nwsapi_2_2_21,4dc97e5965286e66a36893a89b57b112c6625b0f,runtime_ns,0,nan,0,nan,nan
nwsapi_2_2_21,4dc97e5965286e66a36893a89b57b112c6625b0f,rss,0,nan,0,nan,nan
nwsapi_2_2_22,4dc97e5965286e66a36893a89b57b112c6625b0f,runtime_ns,0,nan,0,nan,nan
nwsapi_2_2_22,4dc97e5965286e66a36893a89b57b112c6625b0f,rss,0,nan,0,nan,nan
nwsapi_2_2_23,4dc97e5965286e66a36893a89b57b112c6625b0f,runtime_ns,0,nan,0,nan,nan
nwsapi_2_2_23,4dc97e5965286e66a36893a89b57b112c6625b0f,rss,0,nan,0,nan,nan
nwsapi_2_2_24,4dc97e5965286e66a36893a89b57b112c6625b0f,runtime_ns,0,nan,0,nan,nan
nwsapi_2_2_24,4dc97e5965286e66a36893a89b57b112c6625b0f,rss,0,nan,0,nan,nan
nwsapi_2_2_25,4dc97e5965286e66a36893a89b57b112c6625b0f,runtime_ns,0,nan,0,nan,nan
nwsapi_2_2_25,4dc97e5965286e66a36893a89b57b112c6625b0f,rss,0,nan,0,nan,nan
nwsapi_2_2_26,4dc97e5965286e66a36893a89b57b112c6625b0f,runtime_ns,0,nan,0,nan,nan
nwsapi_2_2_26,4dc97e5965286e66a36893a89b57b112c6625b0f,rss,0,nan,0,nan,nan
nwsapi_2_2_27,4dc97e5965286e66a36893a89b57b112c6625b0f,runtime_ns,0,nan,0,nan,nan
nwsapi_2_2_27,4dc97e5965286e66a36893a89b57b112c6625b0f,rss,0,nan,0,nan,nan
nwsapi_2_2_21,d565ecef216c5ceac20bdd2604f04d665bcf652e,runtime_ns,0,nan,0,nan,nan
nwsapi_2_2_21,d565ecef216c5ceac20bdd2604f04d665bcf652e,rss,0,nan,0,nan,nan
nwsapi_2_2_22,d565ecef216c5ceac20bdd2604f04d665bcf652e,runtime_ns,0,nan,0,nan,nan
nwsapi_2_2_22,d565ecef216c5ceac20bdd2604f04d665bcf652e,rss,0,nan,0,nan,nan
nwsapi_2_2_23,d565ecef216c5ceac20bdd2604f04d665bcf652e,runtime_ns,0,nan,0,nan,nan
nwsapi_2_2_23,d565ecef216c5ceac20bdd2604f04d665bcf652e,rss,0,nan,0,nan,nan
nwsapi_2_2_24,d565ecef216c5ceac20bdd2604f04d665bcf652e,runtime_ns,0,nan,0,nan,nan
nwsapi_2_2_24,d565ecef216c5ceac20bdd2604f04d665bcf652e,rss,0,nan,0,nan,nan
nwsapi_2_2_25,d565ecef216c5ceac20bdd2604f04d665bcf652e,runtime_ns,0,nan,0,nan,nan
nwsapi_2_2_25,d565ecef216c5ceac20bdd2604f04d665bcf652e,rss,0,nan,0,nan,nan
nwsapi_2_2_26,d565ecef216c5ceac20bdd2604f04d665bcf652e,runtime_ns,0,nan,0,nan,nan
nwsapi_2_2_26,d565ecef216c5ceac20bdd2604f04d665bcf652e,rss,0,nan,0,nan,nan
nwsapi_2_2_27,d565ecef216c5ceac20bdd2604f04d665bcf652e,runtime_ns,0,nan,0,nan,nan
nwsapi_2_2_27,d565ecef216c5ceac20bdd2604f04d665bcf652e,rss,0,nan,0,nan,nan
nwsapi_2_2_21,50a3dadb0fab2f56b37e81ac65c4ff5c6c1d39b0,runtime_ns,0,nan,0,nan,nan
nwsapi_2_2_21,50a3dadb0fab2f56b37e81ac65c4ff5c6c1d39b0,rss,0,nan,0,nan,nan
nwsapi_2_2_22,50a3dadb0fab2f56b37e81ac65c4ff5c6c1d39b0,runtime_ns,0,nan,0,nan,nan
nwsapi_2_2_22,50a3dadb0fab2f56b37e81ac65c4ff5c6c1d39b0,rss,0,nan,0,nan,nan
nwsapi_2_2_23,50a3dadb0fab2f56b37e81ac65c4ff5c6c1d39b0,runtime_ns,0,nan,0,nan,nan
nwsapi_2_2_23,50a3dadb0fab2f56b37e81ac65c4ff5c6c1d39b0,rss,0,nan,0,nan,nan
nwsapi_2_2_24,50a3dadb0fab2f56b37e81ac65c4ff5c6c1d39b0,runtime_ns,0,nan,0,nan,nan
nwsapi_2_2_24,50a3dadb0fab2f56b37e81ac65c4ff5c6c1d39b0,rss,0,nan,0,nan,nan
nwsapi_2_2_25,50a3dadb0fab2f56b37e81ac65c4ff5c6c1d39b0,runtime_ns,0,nan,0,nan,nan
nwsapi_2_2_25,50a3dadb0fab2f56b37e81ac65c4ff5c6c1d39b0,rss,0,nan,0,nan,nan
nwsapi_2_2_26,50a3dadb0fab2f56b37e81ac65c4ff5c6c1d39b0,runtime_ns,0,nan,0,nan,nan
nwsapi_2_2_26,50a3dadb0fab2f56b37e81ac65c4ff5c6c1d39b0,rss,0,nan,0,nan,nan
nwsapi_2_2_27,50a3dadb0fab2f56b37e81ac65c4ff5c6c1d39b0,runtime_ns,0,nan,0,nan,nan
nwsapi_2_2_27,50a3dadb0fab2f56b37e81ac65c4ff5c6c1d39b0,rss,0,nan,0,nan,nan
nwsapi_2_2_21,b7336e86a199b864847cd9afd5423905a5544891,runtime_ns,3,7999.833333333333,90.7914276423349,7774.294924023357,8225.371742643309
nwsapi_2_2_21,b7336e86a199b864847cd9afd5423905a5544891,rss,3,195717802.66666666,873181.6383349649,193548699.22967082,197886906.1036625
nwsapi_2_2_22,b7336e86a199b864847cd9afd5423905a5544891,runtime_ns,8,8612.0625,776.3861998065138,7962.987393697169,9261.137606302831
nwsapi_2_2_22,b7336e86a199b864847cd9afd5423905a5544891,rss,8,196724736.0,882541.7021619189,195986912.67278194,197462559.32721806
nwsapi_2_2_23,b7336e86a199b864847cd9afd5423905a5544891,runtime_ns,8,9403.5,2794.2012019793524,7067.489335902375,11739.510664097625
nwsapi_2_2_23,b7336e86a199b864847cd9afd5423905a5544891,rss,8,196749312.0,1390199.1921538233,195587076.39012668,197911547.60987332
nwsapi_2_2_24,b7336e86a199b864847cd9afd5423905a5544891,runtime_ns,8,8671.8125,1595.9241151289118,7337.586550418846,10006.038449581154
nwsapi_2_2_24,b7336e86a199b864847cd9afd5423905a5544891,rss,8,197138432.0,1328849.2510146836,196027486.22445977,198249377.77554023
nwsapi_2_2_25,b7336e86a199b864847cd9afd5423905a5544891,runtime_ns,8,8921.875,1335.6099663235734,7805.277125016339,10038.472874983661
nwsapi_2_2_25,b7336e86a199b864847cd9afd5423905a5544891,rss,8,197390336.0,1450033.5875298101,196178077.58375928,198602594.41624072
nwsapi_2_2_26,b7336e86a199b864847cd9afd5423905a5544891,runtime_ns,8,10015.5,2803.474018325936,7671.737067434201,12359.262932565798
nwsapi_2_2_26,b7336e86a199b864847cd9afd5423905a5544891,rss,8,197072896.0,1126262.7490406365,196131316.77854982,198014475.22145018
nwsapi_2_2_27,b7336e86a199b864847cd9afd5423905a5544891,runtime_ns,8,9461.0625,1491.7335178887874,8213.942069548684,10708.182930451316
nwsapi_2_2_27,b7336e86a199b864847cd9afd5423905a5544891,rss,8,197388288.0,1816797.8063973673,195869407.02348083,198907168.97651917
nwsapi_2_2_21,dd7df9f469da7b81887e4f83c23013d77dc0236b,runtime_ns,3,81611.33333333333,1553.8755044511556,77751.29259336114,85471.37407330552
nwsapi_2_2_21,dd7df9f469da7b81887e4f83c23013d77dc0236b,rss,3,199950336.0,2728415.6695401086,193172575.74196488,206728096.25803512
nwsapi_2_2_22,dd7df9f469da7b81887e4f83c23013d77dc0236b,runtime_ns,5,84275.1,2653.3022679295323,80980.59009755951,87569.6099024405
nwsapi_2_2_22,dd7df9f469da7b81887e4f83c23013d77dc0236b,rss,5,198485606.4,1528136.303600173,196588174.5674715,200383038.2325285
nwsapi_2_2_23,dd7df9f469da7b81887e4f83c23013d77dc0236b,runtime_ns,3,83701.33333333333,986.6035593556985,81250.47422499073,86152.19244167593
nwsapi_2_2_23,dd7df9f469da7b81887e4f83c23013d77dc0236b,rss,3,200720384.0,3310500.621071079,192496644.56242445,208944123.43757555
nwsapi_2_2_24,dd7df9f469da7b81887e4f83c23013d77dc0236b,runtime_ns,8,85755.3125,5658.098007896671,81025.024188767,90485.600811233
nwsapi_2_2_24,dd7df9f469da7b81887e4f83c23013d77dc0236b,rss,8,198084608.0,1750832.1079597715,196620875.72748458,199548340.27251542
nwsapi_2_2_25,dd7df9f469da7b81887e4f83c23013d77dc0236b,runtime_ns,3,83555.5,1534.0932989880375,79744.60098264035,87366.39901735965
nwsapi_2_2_25,dd7df9f469da7b81887e4f83c23013d77dc0236b,rss,3,201075370.66666666,309277.3849173802,200307083.05140188,201843658.28193143
nwsapi_2_2_26,dd7df9f469da7b81887e4f83c23013d77dc0236b,runtime_ns,4,87171.625,2610.5649891354938,83017.63354781138,91325.61645218862
nwsapi_2_2_26,dd7df9f469da7b81887e4f83c23013d77dc0236b,rss,4,199454720.0,1990431.2410838678,196287499.7254457,202621940.2745543
nwsapi_2_2_27,dd7df9f469da7b81887e4f83c23013d77dc0236b,runtime_ns,6,88722.16666666667,3854.963562300773,84676.63051388785,92767.70281944549
nwsapi_2_2_27,dd7df9f469da7b81887e4f83c23013d77dc0236b,rss,6,199024640.0,2159775.3962987913,196758094.72495356,201291185.27504644
nwsapi_2_2_21,cc62e3b961ec159ca0c32358bb8ac35b9c605548,runtime_ns,0,nan,0,nan,nan
nwsapi_2_2_21,cc62e3b961ec159ca0c32358bb8ac35b9c605548,rss,0,nan,0,nan,nan
nwsapi_2_2_22,cc62e3b961ec159ca0c32358bb8ac35b9c605548,runtime_ns,0,nan,0,nan,nan
nwsapi_2_2_22,cc62e3b961ec159ca0c32358bb8ac35b9c605548,rss,0,nan,0,nan,nan
nwsapi_2_2_23,cc62e3b961ec159ca0c32358bb8ac35b9c605548,runtime_ns,0,nan,0,nan,nan
nwsapi_2_2_23,cc62e3b961ec159ca0c32358bb8ac35b9c605548,rss,0,nan,0,nan,nan
nwsapi_2_2_24,cc62e3b961ec159ca0c32358bb8ac35b9c605548,runtime_ns,0,nan,0,nan,nan
nwsapi_2_2_24,cc62e3b961ec159ca0c32358bb8ac35b9c605548,rss,0,nan,0,nan,nan
nwsapi_2_2_25,cc62e3b961ec159ca0c32358bb8ac35b9c605548,runtime_ns,0,nan,0,nan,nan
nwsapi_2_2_25,cc62e3b961ec159ca0c32358bb8ac35b9c605548,rss,0,nan,0,nan,nan
nwsapi_2_2_26,cc62e3b961ec159ca0c32358bb8ac35b9c605548,runtime_ns,0,nan,0,nan,nan
nwsapi_2_2_26,cc62e3b961ec159ca0c32358bb8ac35b9c605548,rss,0,nan,0,nan,nan
nwsapi_2_2_27,cc62e3b961ec159ca0c32358bb8ac35b9c605548,runtime_ns,0,nan,0,nan,nan
nwsapi_2_2_27,cc62e3b961ec159ca0c32358bb8ac35b9c605548,rss,0,nan,0,nan,nan
nwsapi_2_2_21,084bd1f1b4d40e34647769926f1b430b364dadab,runtime_ns,5,113975.1,4199.269257859039,108761.0185437526,119189.18145624742
nwsapi_2_2_21,084bd1f1b4d40e34647769926f1b430b364dadab,rss,5,200314060.8,1042761.478776043,199019301.41309008,201608820.18690994
nwsapi_2_2_22,084bd1f1b4d40e34647769926f1b430b364dadab,runtime_ns,8,103156.375,5782.144027397746,98322.3816212192,107990.3683787808
nwsapi_2_2_22,084bd1f1b4d40e34647769926f1b430b364dadab,rss,8,200218624.0,1365737.2172152507,199076839.1129597,201360408.8870403
nwsapi_2_2_23,084bd1f1b4d40e34647769926f1b430b364dadab,runtime_ns,8,109981.625,8469.4598189613,102900.97939644617,117062.27060355383
nwsapi_2_2_23,084bd1f1b4d40e34647769926f1b430b364dadab,rss,8,200994816.0,988321.3558861164,200168558.66918576,201821073.33081424
nwsapi_2_2_24,084bd1f1b4d40e34647769926f1b430b364dadab,runtime_ns,7,107467.28571428571,5621.84796024361,102267.94353056393,112666.62789800749
nwsapi_2_2_24,084bd1f1b4d40e34647769926f1b430b364dadab,rss,7,201026998.85714287,1653829.7295634183,199497461.46331415,202556536.2509716
nwsapi_2_2_25,084bd1f1b4d40e34647769926f1b430b364dadab,runtime_ns,7,106145.78571428571,5203.472733482442,101333.3760802356,110958.19534833582
nwsapi_2_2_25,084bd1f1b4d40e34647769926f1b430b364dadab,rss,7,200675913.14285713,1566128.5626269032,199227485.80039218,202124340.4853221
nwsapi_2_2_26,084bd1f1b4d40e34647769926f1b430b364dadab,runtime_ns,8,109328.0,11961.411347686837,99328.00986111477,119327.99013888523
nwsapi_2_2_26,084bd1f1b4d40e34647769926f1b430b364dadab,rss,8,201244672.0,1905420.6596765674,199651700.4640049,202837643.5359951
nwsapi_2_2_27,084bd1f1b4d40e34647769926f1b430b364dadab,runtime_ns,8,106271.0,8572.833849683879,99103.9315440089,113438.0684559911
nwsapi_2_2_27,084bd1f1b4d40e34647769926f1b430b364dadab,rss,8,200736768.0,1726627.9779778852,199293270.88653928,202180265.11346072
nwsapi_2_2_21,855b93405964db6a9b8f79caa2a759308e2934f9,runtime_ns,0,nan,0,nan,nan
nwsapi_2_2_21,855b93405964db6a9b8f79caa2a759308e2934f9,rss,0,nan,0,nan,nan
nwsapi_2_2_22,855b93405964db6a9b8f79caa2a759308e2934f9,runtime_ns,0,nan,0,nan,nan
nwsapi_2_2_22,855b93405964db6a9b8f79caa2a759308e2934f9,rss,0,nan,0,nan,nan
nwsapi_2_2_23,855b93405964db6a9b8f79caa2a759308e2934f9,runtime_ns,0,nan,0,nan,nan
nwsapi_2_2_23,855b93405964db6a9b8f79caa2a759308e2934f9,rss,0,nan,0,nan,nan
nwsapi_2_2_24,855b93405964db6a9b8f79caa2a759308e2934f9,runtime_ns,0,nan,0,nan,nan
nwsapi_2_2_24,855b93405964db6a9b8f79caa2a759308e2934f9,rss,0,nan,0,nan,nan
nwsapi_2_2_25,855b93405964db6a9b8f79caa2a759308e2934f9,runtime_ns,0,nan,0,nan,nan
nwsapi_2_2_25,855b93405964db6a9b8f79caa2a759308e2934f9,rss,0,nan,0,nan,nan
nwsapi_2_2_26,855b93405964db6a9b8f79caa2a759308e2934f9,runtime_ns,0,nan,0,nan,nan
nwsapi_2_2_26,855b93405964db6a9b8f79caa2a759308e2934f9,rss,0,nan,0,nan,nan
nwsapi_2_2_27,855b93405964db6a9b8f79caa2a759308e2934f9,runtime_ns,0,nan,0,nan,nan
nwsapi_2_2_27,855b93405964db6a9b8f79caa2a759308e2934f9,rss,0,nan,0,nan,nan
nwsapi_2_2_21,9fec5086f82948595a6be61af3b333ebbdf74028,runtime_ns,0,nan,0,nan,nan
nwsapi_2_2_21,9fec5086f82948595a6be61af3b333ebbdf74028,rss,0,nan,0,nan,nan
nwsapi_2_2_22,9fec5086f82948595a6be61af3b333ebbdf74028,runtime_ns,0,nan,0,nan,nan
nwsapi_2_2_22,9fec5086f82948595a6be61af3b333ebbdf74028,rss,0,nan,0,nan,nan
nwsapi_2_2_23,9fec5086f82948595a6be61af3b333ebbdf74028,runtime_ns,0,nan,0,nan,nan
nwsapi_2_2_23,9fec5086f82948595a6be61af3b333ebbdf74028,rss,0,nan,0,nan,nan
nwsapi_2_2_24,9fec5086f82948595a6be61af3b333ebbdf74028,runtime_ns,0,nan,0,nan,nan
nwsapi_2_2_24,9fec5086f82948595a6be61af3b333ebbdf74028,rss,0,nan,0,nan,nan
nwsapi_2_2_25,9fec5086f82948595a6be61af3b333ebbdf74028,runtime_ns,0,nan,0,nan,nan
nwsapi_2_2_25,9fec5086f82948595a6be61af3b333ebbdf74028,rss,0,nan,0,nan,nan
nwsapi_2_2_26,9fec5086f82948595a6be61af3b333ebbdf74028,runtime_ns,0,nan,0,nan,nan
nwsapi_2_2_26,9fec5086f82948595a6be61af3b333ebbdf74028,rss,0,nan,0,nan,nan
nwsapi_2_2_27,9fec5086f82948595a6be61af3b333ebbdf74028,runtime_ns,0,nan,0,nan,nan
nwsapi_2_2_27,9fec5086f82948595a6be61af3b333ebbdf74028,rss,0,nan,0,nan,nan
nwsapi_2_2_21,c383df32e132b5d26860b72d906340368c4a4572,runtime_ns,3,56903.0,717.2365369945957,55121.28567020651,58684.71432979349
nwsapi_2_2_21,c383df32e132b5d26860b72d906340368c4a4572,rss,3,197006677.33333334,1232435.51090243,193945137.80340034,200068216.86326635
nwsapi_2_2_22,c383df32e132b5d26860b72d906340368c4a4572,runtime_ns,7,55508.92857142857,2645.7299154891616,53062.03650789056,57955.820634966585
nwsapi_2_2_22,c383df32e132b5d26860b72d906340368c4a4572,rss,7,198068516.57142857,1607565.3899093142,196581766.5554277,199555266.58742943
nwsapi_2_2_23,c383df32e132b5d26860b72d906340368c4a4572,runtime_ns,6,56222.333333333336,2313.344649347923,53794.62701094495,58650.039655721725
nwsapi_2_2_23,c383df32e132b5d26860b72d906340368c4a4572,rss,6,196523349.33333334,1319432.5895982208,195138689.74936873,197908008.91729796
nwsapi_2_2_24,c383df32e132b5d26860b72d906340368c4a4572,runtime_ns,6,56607.666666666664,2225.272133170832,54272.38678164983,58942.9465516835
nwsapi_2_2_24,c383df32e132b5d26860b72d906340368c4a4572,rss,6,197200554.66666666,1150498.2771336369,195993180.7710037,198407928.56232962
nwsapi_2_2_25,c383df32e132b5d26860b72d906340368c4a4572,runtime_ns,4,56203.125,1670.1435255190895,53545.553953959134,58860.696046040866
nwsapi_2_2_25,c383df32e132b5d26860b72d906340368c4a4572,rss,4,197210112.0,719948.9536867642,196064512.55617335,198355711.44382665
nwsapi_2_2_26,c383df32e132b5d26860b72d906340368c4a4572,runtime_ns,7,57339.28571428572,2589.2636639455186,54944.6162234113,59733.955205160135
nwsapi_2_2_26,c383df32e132b5d26860b72d906340368c4a4572,rss,7,197406134.85714287,1418035.4140903803,196094670.83345696,198717598.88082877
nwsapi_2_2_27,c383df32e132b5d26860b72d906340368c4a4572,runtime_ns,4,55515.5,1472.69056491851,53172.120676424456,57858.879323575544
nwsapi_2_2_27,c383df32e132b5d26860b72d906340368c4a4572,rss,4,197976064.0,1447892.065340047,195672144.62310448,200279983.37689552
nwsapi_2_2_21,86f2b2c63230d950e19a7a0e7f5e80bc3446f022,runtime_ns,0,nan,0,nan,nan
nwsapi_2_2_21,86f2b2c63230d950e19a7a0e7f5e80bc3446f022,rss,0,nan,0,nan,nan
nwsapi_2_2_22,86f2b2c63230d950e19a7a0e7f5e80bc3446f022,runtime_ns,0,nan,0,nan,nan
nwsapi_2_2_22,86f2b2c63230d950e19a7a0e7f5e80bc3446f022,rss,0,nan,0,nan,nan
nwsapi_2_2_23,86f2b2c63230d950e19a7a0e7f5e80bc3446f022,runtime_ns,0,nan,0,nan,nan
nwsapi_2_2_23,86f2b2c63230d950e19a7a0e7f5e80bc3446f022,rss,0,nan,0,nan,nan
nwsapi_2_2_24,86f2b2c63230d950e19a7a0e7f5e80bc3446f022,runtime_ns,0,nan,0,nan,nan
nwsapi_2_2_24,86f2b2c63230d950e19a7a0e7f5e80bc3446f022,rss,0,nan,0,nan,nan
nwsapi_2_2_25,86f2b2c63230d950e19a7a0e7f5e80bc3446f022,runtime_ns,0,nan,0,nan,nan
nwsapi_2_2_25,86f2b2c63230d950e19a7a0e7f5e80bc3446f022,rss,0,nan,0,nan,nan
nwsapi_2_2_26,86f2b2c63230d950e19a7a0e7f5e80bc3446f022,runtime_ns,0,nan,0,nan,nan
nwsapi_2_2_26,86f2b2c63230d950e19a7a0e7f5e80bc3446f022,rss,0,nan,0,nan,nan
nwsapi_2_2_27,86f2b2c63230d950e19a7a0e7f5e80bc3446f022,runtime_ns,0,nan,0,nan,nan
nwsapi_2_2_27,86f2b2c63230d950e19a7a0e7f5e80bc3446f022,rss,0,nan,0,nan,nan
nwsapi_2_2_21,8c0508366496417bffc7747e7eac911874f7823d,runtime_ns,4,250739.625,7661.119373988373,238549.07447695662,262930.1755230434
nwsapi_2_2_21,8c0508366496417bffc7747e7eac911874f7823d,rss,4,202563584.0,2329122.609547209,198857430.17834687,206269737.82165313
nwsapi_2_2_22,8c0508366496417bffc7747e7eac911874f7823d,runtime_ns,4,247307.375,4892.530776176409,239522.26675393528,255092.48324606472
nwsapi_2_2_22,8c0508366496417bffc7747e7eac911874f7823d,rss,4,204300288.0,2794596.8722480647,199853460.75457838,208747115.24542162
nwsapi_2_2_23,8c0508366496417bffc7747e7eac911874f7823d,runtime_ns,3,248083.33333333334,1391.1076821487736,244627.63027900198,251539.0363876647
nwsapi_2_2_23,8c0508366496417bffc7747e7eac911874f7823d,rss,3,201654272.0,1096259.7942604662,198931011.70320192,204377532.29679808
nwsapi_2_2_24,8c0508366496417bffc7747e7eac911874f7823d,runtime_ns,4,246416.625,5868.017132089851,237079.30027931958,255753.94972068042
nwsapi_2_2_24,8c0508366496417bffc7747e7eac911874f7823d,rss,4,201994240.0,2172898.724276552,198536673.2415852,205451806.7584148
nwsapi_2_2_25,8c0508366496417bffc7747e7eac911874f7823d,runtime_ns,3,249340.5,3803.7779903669457,239891.3916470036,258789.6083529964
nwsapi_2_2_25,8c0508366496417bffc7747e7eac911874f7823d,rss,3,202233173.33333334,2394662.333097786,196284502.3247771,208181844.3418896
nwsapi_2_2_26,8c0508366496417bffc7747e7eac911874f7823d,runtime_ns,4,252276.0,7516.384902331705,240315.7543192421,264236.2456807579
nwsapi_2_2_26,8c0508366496417bffc7747e7eac911874f7823d,rss,4,202973184.0,2622276.1333203134,198800557.50404057,207145810.49595943
nwsapi_2_2_27,8c0508366496417bffc7747e7eac911874f7823d,runtime_ns,7,252898.92857142858,12109.487304824854,241699.52072324997,264098.33641960716
nwsapi_2_2_27,8c0508366496417bffc7747e7eac911874f7823d,rss,7,201715126.85714287,1798953.1100766568,200051372.72186494,203378880.9924208
nwsapi_2_2_21,a91d7a612dce009512b5055511cd6a0b666bb3b8,runtime_ns,8,2302.25,165.61293082710316,2163.7941249361274,2440.7058750638726
nwsapi_2_2_21,a91d7a612dce009512b5055511cd6a0b666bb3b8,rss,8,197240832.0,1309430.222558106,196146120.93852717,198335543.06147283
nwsapi_2_2_22,a91d7a612dce009512b5055511cd6a0b666bb3b8,runtime_ns,8,2395.9375,289.1835103849655,2154.174035127846,2637.700964872154
nwsapi_2_2_22,a91d7a612dce009512b5055511cd6a0b666bb3b8,rss,8,196956160.0,1579669.8468397937,195635522.95877433,198276797.04122567
nwsapi_2_2_23,a91d7a612dce009512b5055511cd6a0b666bb3b8,runtime_ns,8,2307.25,169.9535650868033,2165.1652638818755,2449.3347361181245
nwsapi_2_2_23,a91d7a612dce009512b5055511cd6a0b666bb3b8,rss,8,197451776.0,1179420.4224923358,196465755.85139906,198437796.14860094
nwsapi_2_2_24,a91d7a612dce009512b5055511cd6a0b666bb3b8,runtime_ns,8,2307.375,156.58127738836285,2176.4697761678235,2438.2802238321765
nwsapi_2_2_24,a91d7a612dce009512b5055511cd6a0b666bb3b8,rss,8,196601856.0,1387189.2253066476,195442136.78538433,197761575.21461567
nwsapi_2_2_25,a91d7a612dce009512b5055511cd6a0b666bb3b8,runtime_ns,8,2713.5,441.88152904855133,2344.0777968336843,3082.9222031663157
nwsapi_2_2_25,a91d7a612dce009512b5055511cd6a0b666bb3b8,rss,8,197517312.0,1197489.9606894415,196516185.33942208,198518438.66057792
nwsapi_2_2_26,a91d7a612dce009512b5055511cd6a0b666bb3b8,runtime_ns,6,2694.5,118.16133039196876,2570.4972886291434,2818.5027113708566
nwsapi_2_2_26,a91d7a612dce009512b5055511cd6a0b666bb3b8,rss,6,197541888.0,1407193.899866255,196065128.56923613,199018647.43076387
nwsapi_2_2_27,a91d7a612dce009512b5055511cd6a0b666bb3b8,runtime_ns,4,2948.125,87.69205114110021,2808.5873779216276,3087.6626220783724
nwsapi_2_2_27,a91d7a612dce009512b5055511cd6a0b666bb3b8,rss,4,196993024.0,1812315.304004981,194109225.9283801,199876822.0716199
nwsapi_2_2_21,c46095c12fc2dea47ce3d1673e4aac65fec1c66b,runtime_ns,0,nan,0,nan,nan
nwsapi_2_2_21,c46095c12fc2dea47ce3d1673e4aac65fec1c66b,rss,0,nan,0,nan,nan
nwsapi_2_2_22,c46095c12fc2dea47ce3d1673e4aac65fec1c66b,runtime_ns,0,nan,0,nan,nan
nwsapi_2_2_22,c46095c12fc2dea47ce3d1673e4aac65fec1c66b,rss,0,nan,0,nan,nan
nwsapi_2_2_23,c46095c12fc2dea47ce3d1673e4aac65fec1c66b,runtime_ns,0,nan,0,nan,nan
nwsapi_2_2_23,c46095c12fc2dea47ce3d1673e4aac65fec1c66b,rss,0,nan,0,nan,nan
nwsapi_2_2_24,c46095c12fc2dea47ce3d1673e4aac65fec1c66b,runtime_ns,0,nan,0,nan,nan
nwsapi_2_2_24,c46095c12fc2dea47ce3d1673e4aac65fec1c66b,rss,0,nan,0,nan,nan
nwsapi_2_2_25,c46095c12fc2dea47ce3d1673e4aac65fec1c66b,runtime_ns,0,nan,0,nan,nan
nwsapi_2_2_25,c46095c12fc2dea47ce3d1673e4aac65fec1c66b,rss,0,nan,0,nan,nan
nwsapi_2_2_26,c46095c12fc2dea47ce3d1673e4aac65fec1c66b,runtime_ns,0,nan,0,nan,nan
nwsapi_2_2_26,c46095c12fc2dea47ce3d1673e4aac65fec1c66b,rss,0,nan,0,nan,nan
nwsapi_2_2_27,c46095c12fc2dea47ce3d1673e4aac65fec1c66b,runtime_ns,0,nan,0,nan,nan
nwsapi_2_2_27,c46095c12fc2dea47ce3d1673e4aac65fec1c66b,rss,0,nan,0,nan,nan
nwsapi_2_2_21,8077ce5d00ec51f0f35faff2ae322e76c73c2345,runtime_ns,5,149166.7,5220.465874804661,142684.63546940376,155648.76453059627
nwsapi_2_2_21,8077ce5d00ec51f0f35faff2ae322e76c73c2345,rss,5,200428748.8,1753830.4820213383,198251080.63152176,202606416.96847826
nwsapi_2_2_22,8077ce5d00ec51f0f35faff2ae322e76c73c2345,runtime_ns,3,145666.5,2928.1932996303367,138392.46459709364,152940.53540290636
nwsapi_2_2_22,8077ce5d00ec51f0f35faff2ae322e76c73c2345,rss,3,200698538.66666666,2267295.4066211428,195066264.6434008,206330812.68993253
nwsapi_2_2_23,8077ce5d00ec51f0f35faff2ae322e76c73c2345,runtime_ns,8,150169.1875,15925.772398710706,136854.90858156487,163483.46641843513
nwsapi_2_2_23,8077ce5d00ec51f0f35faff2ae322e76c73c2345,rss,8,201891840.0,1986415.820393821,200231154.81509453,203552525.18490547
nwsapi_2_2_24,8077ce5d00ec51f0f35faff2ae322e76c73c2345,runtime_ns,4,148463.5,3235.99518438043,143314.3095407763,153612.6904592237
nwsapi_2_2_24,8077ce5d00ec51f0f35faff2ae322e76c73c2345,rss,4,200785920.0,1527553.5802460962,198355241.37621146,203216598.62378854
nwsapi_2_2_25,8077ce5d00ec51f0f35faff2ae322e76c73c2345,runtime_ns,8,151630.375,10017.84745823316,143255.24493522206,160005.50506477794
nwsapi_2_2_25,8077ce5d00ec51f0f35faff2ae322e76c73c2345,rss,8,202172416.0,1365793.3731630126,201030584.16541252,203314247.83458748
nwsapi_2_2_26,8077ce5d00ec51f0f35faff2ae322e76c73c2345,runtime_ns,3,146000.0,2264.0334030221375,140375.82924289026,151624.17075710974
nwsapi_2_2_26,8077ce5d00ec51f0f35faff2ae322e76c73c2345,rss,3,199278592.0,134108.81981435823,198945447.22322083,199611736.77677917
nwsapi_2_2_27,8077ce5d00ec51f0f35faff2ae322e76c73c2345,runtime_ns,6,153013.91666666666,6962.526261470521,145707.19346416774,160320.63986916558
nwsapi_2_2_27,8077ce5d00ec51f0f35faff2ae322e76c73c2345,rss,6,200832341.33333334,1371035.0748019055,199393528.26228878,202271154.4043779
nwsapi_2_2_21,f0df69bfcb4577b591186e2aeda56500b7787d33,runtime_ns,8,4393.25,262.5121765883306,4173.784328189602,4612.715671810398
nwsapi_2_2_21,f0df69bfcb4577b591186e2aeda56500b7787d33,rss,8,197541888.0,1948407.2763661533,195912978.75310233,199170797.24689767
nwsapi_2_2_22,f0df69bfcb4577b591186e2aeda56500b7787d33,runtime_ns,8,4578.1875,401.80342897456,4242.27142699471,4914.10357300529
nwsapi_2_2_22,f0df69bfcb4577b591186e2aeda56500b7787d33,rss,8,196931584.0,1414748.1337041687,195748824.96138674,198114343.03861326
nwsapi_2_2_23,f0df69bfcb4577b591186e2aeda56500b7787d33,runtime_ns,3,4444.333333333333,66.75390125927723,4278.507449808704,4610.159216857962
nwsapi_2_2_23,f0df69bfcb4577b591186e2aeda56500b7787d33,rss,3,197165056.0,1341388.4081681934,193832862.46916464,200497249.53083536
nwsapi_2_2_24,f0df69bfcb4577b591186e2aeda56500b7787d33,runtime_ns,3,4222.333333333333,78.82311420727636,4026.5258627734347,4418.140803893231
nwsapi_2_2_24,f0df69bfcb4577b591186e2aeda56500b7787d33,rss,3,196460544.0,472586.816777616,195286573.2663667,197634514.7336333
nwsapi_2_2_25,f0df69bfcb4577b591186e2aeda56500b7787d33,runtime_ns,5,4624.9,172.62799599138026,4410.554032295439,4839.24596770456
nwsapi_2_2_25,f0df69bfcb4577b591186e2aeda56500b7787d33,rss,5,196791500.8,1307202.9613870985,195168393.9445003,198414607.65549973
nwsapi_2_2_26,f0df69bfcb4577b591186e2aeda56500b7787d33,runtime_ns,8,5226.5,658.5242158471797,4675.959978151958,5777.040021848042
nwsapi_2_2_26,f0df69bfcb4577b591186e2aeda56500b7787d33,rss,8,197464064.0,811049.3726820828,196786009.75596312,198142118.24403688
nwsapi_2_2_27,f0df69bfcb4577b591186e2aeda56500b7787d33,runtime_ns,4,4744.625,133.01965706867037,4532.961041915852,4956.288958084148
nwsapi_2_2_27,f0df69bfcb4577b591186e2aeda56500b7787d33,rss,4,197844992.0,1029848.7688277343,196206272.7953216,199483711.2046784
nwsapi_2_2_21,782e674924b7f4179d9fbc5743f21c2fffe8f691,runtime_ns,8,9382.8125,900.6986945659781,8629.809547258274,10135.815452741726
nwsapi_2_2_21,782e674924b7f4179d9fbc5743f21c2fffe8f691,rss,8,197957632.0,1371425.3180304267,196811091.7416739,199104172.2583261
nwsapi_2_2_22,782e674924b7f4179d9fbc5743f21c2fffe8f691,runtime_ns,3,4138.666666666667,43.515322971722654,4030.5686118336153,4246.764721499719
nwsapi_2_2_22,782e674924b7f4179d9fbc5743f21c2fffe8f691,rss,3,197503658.66666666,388523.1071086163,196538513.76441172,198468803.5689216
nwsapi_2_2_23,782e674924b7f4179d9fbc5743f21c2fffe8f691,runtime_ns,8,4072.9375,272.17450251893285,3845.3939215600135,4300.481078439986
nwsapi_2_2_23,782e674924b7f4179d9fbc5743f21c2fffe8f691,rss,8,197214208.0,1218473.7006655969,196195538.49378797,198232877.50621203
nwsapi_2_2_24,782e674924b7f4179d9fbc5743f21c2fffe8f691,runtime_ns,3,4041.6666666666665,36.08439182435161,3952.0280681302193,4131.305265203114
nwsapi_2_2_24,782e674924b7f4179d9fbc5743f21c2fffe8f691,rss,3,197094058.66666666,877780.8594434795,194913530.1310705,199274587.20226282
nwsapi_2_2_25,782e674924b7f4179d9fbc5743f21c2fffe8f691,runtime_ns,3,4298.333333333333,73.48866125691319,4115.777378518989,4480.889288147677
nwsapi_2_2_25,782e674924b7f4179d9fbc5743f21c2fffe8f691,rss,3,197946026.66666666,278688.5811606448,197253725.8523713,198638327.480962
nwsapi_2_2_26,782e674924b7f4179d9fbc5743f21c2fffe8f691,runtime_ns,4,4458.5,118.97548767148075,4269.183449420284,4647.816550579716
nwsapi_2_2_26,782e674924b7f4179d9fbc5743f21c2fffe8f691,rss,4,197398528.0,1291143.4043606466,195344030.7216005,199453025.2783995
nwsapi_2_2_27,782e674924b7f4179d9fbc5743f21c2fffe8f691,runtime_ns,5,4300.0,130.36439314475408,4138.1312263844775,4461.8687736155225
nwsapi_2_2_27,782e674924b7f4179d9fbc5743f21c2fffe8f691,rss,5,196473651.2,851684.383561892,195416145.36309883,197531157.03690115
nwsapi_2_2_21,bdfc8f6781476cf3b354a1aceac2310b4f08eacb,runtime_ns,6,33079.833333333336,1235.0545197142783,31783.723103130553,34375.943563536115
nwsapi_2_2_21,bdfc8f6781476cf3b354a1aceac2310b4f08eacb,rss,6,197795840.0,1645095.5667821853,196069418.08118388,199522261.91881612
nwsapi_2_2_22,bdfc8f6781476cf3b354a1aceac2310b4f08eacb,runtime_ns,3,33298.666666666664,173.61907537287868,32867.37297405367,33729.960359279656
nwsapi_2_2_22,bdfc8f6781476cf3b354a1aceac2310b4f08eacb,rss,3,197367125.33333334,1695908.8873136237,193154254.11066502,201579996.55600166
nwsapi_2_2_23,bdfc8f6781476cf3b354a1aceac2310b4f08eacb,runtime_ns,8,32380.375,1848.7227009478734,30834.804143715788,33925.94585628421
nwsapi_2_2_23,bdfc8f6781476cf3b354a1aceac2310b4f08eacb,rss,8,197480448.0,1331208.101953367,196367530.175724,198593365.824276
nwsapi_2_2_24,bdfc8f6781476cf3b354a1aceac2310b4f08eacb,runtime_ns,7,33068.357142857145,1676.9044823296117,31517.479162039133,34619.23512367516
nwsapi_2_2_24,bdfc8f6781476cf3b354a1aceac2310b4f08eacb,rss,7,196846738.2857143,1442966.2404456679,195512217.09327164,198181259.47815695
nwsapi_2_2_25,bdfc8f6781476cf3b354a1aceac2310b4f08eacb,runtime_ns,4,30979.125,782.0646152972272,29734.685677277106,32223.564322722894
nwsapi_2_2_25,bdfc8f6781476cf3b354a1aceac2310b4f08eacb,rss,4,196558848.0,1302433.5395517629,194486385.59708795,198631310.40291205
nwsapi_2_2_26,bdfc8f6781476cf3b354a1aceac2310b4f08eacb,runtime_ns,3,32194.666666666668,307.2239953736253,31431.479953804435,32957.8533795289
nwsapi_2_2_26,bdfc8f6781476cf3b354a1aceac2310b4f08eacb,rss,3,198366549.33333334,1554437.8462779827,194505111.65882224,202227987.00784445
nwsapi_2_2_27,bdfc8f6781476cf3b354a1aceac2310b4f08eacb,runtime_ns,8,34224.0625,1932.9233123044482,32608.09817100768,35840.02682899232
nwsapi_2_2_27,bdfc8f6781476cf3b354a1aceac2310b4f08eacb,rss,8,197099520.0,783207.102165376,196444742.47662076,197754297.52337924
nwsapi_2_2_21,10afa121a66346c44b674ac39e987f77f85f40da,runtime_ns,8,40966.25,2090.423026224938,39218.612615019454,42713.887384980546
nwsapi_2_2_21,10afa121a66346c44b674ac39e987f77f85f40da,rss,8,197459968.0,1542459.657316938,196170439.45571324,198749496.54428676
nwsapi_2_2_22,10afa121a66346c44b674ac39e987f77f85f40da,runtime_ns,8,42195.3125,2632.8644902666642,39994.18270232112,44396.44229767888
nwsapi_2_2_22,10afa121a66346c44b674ac39e987f77f85f40da,rss,8,197337088.0,924167.1521686045,196564464.9257041,198109711.0742959
nwsapi_2_2_23,10afa121a66346c44b674ac39e987f77f85f40da,runtime_ns,3,39347.166666666664,528.8953897826425,38033.31768333671,40661.01564999662
nwsapi_2_2_23,10afa121a66346c44b674ac39e987f77f85f40da,rss,3,196318549.33333334,533759.7749000324,194992616.5474888,197644482.11917788
nwsapi_2_2_24,10afa121a66346c44b674ac39e987f77f85f40da,runtime_ns,5,41437.5,1312.2936504456616,39808.07221917023,43066.92778082977
nwsapi_2_2_24,10afa121a66346c44b674ac39e987f77f85f40da,rss,5,196886528.0,813775.3190850654,195876092.4836653,197896963.5163347
nwsapi_2_2_25,10afa121a66346c44b674ac39e987f77f85f40da,runtime_ns,8,41192.75,2481.549242480822,39118.122915231674,43267.377084768326
nwsapi_2_2_25,10afa121a66346c44b674ac39e987f77f85f40da,rss,8,197750784.0,1785560.7200185445,196258017.88122427,199243550.11877573
nwsapi_2_2_26,10afa121a66346c44b674ac39e987f77f85f40da,runtime_ns,4,40526.125,966.6539690258005,38987.962823893,42064.287176107
nwsapi_2_2_26,10afa121a66346c44b674ac39e987f77f85f40da,rss,4,196911104.0,686500.6789877681,195818728.2252903,198003479.7747097
nwsapi_2_2_27,10afa121a66346c44b674ac39e987f77f85f40da,runtime_ns,7,40342.21428571428,1984.1396720229245,38507.19114597472,42177.237425453844
nwsapi_2_2_27,10afa121a66346c44b674ac39e987f77f85f40da,rss,7,197216548.57142857,987917.0954351141,196302877.6460247,198130219.49683243
nwsapi_2_2_21,a6801764a7de0d34d75412ba1859cdcd274b6b4c,runtime_ns,8,53593.875,6439.237209428281,48210.53797358144,58977.21202641856
nwsapi_2_2_21,a6801764a7de0d34d75412ba1859cdcd274b6b4c,rss,8,198615040.0,2016877.3399439612,196928888.34744596,200301191.65255404
nwsapi_2_2_22,a6801764a7de0d34d75412ba1859cdcd274b6b4c,runtime_ns,8,47471.4375,2771.505875325594,45154.400603808135,49788.474396191865
nwsapi_2_2_22,a6801764a7de0d34d75412ba1859cdcd274b6b4c,rss,8,197273600.0,1499802.5309837102,196019733.70578444,198527466.29421556
nwsapi_2_2_23,a6801764a7de0d34d75412ba1859cdcd274b6b4c,runtime_ns,6,48451.5,1967.5064421749678,46386.72861785664,50516.27138214336
nwsapi_2_2_23,a6801764a7de0d34d75412ba1859cdcd274b6b4c,rss,6,199081984.0,2488189.699962927,196470789.05003682,201693178.94996318
nwsapi_2_2_24,a6801764a7de0d34d75412ba1859cdcd274b6b4c,runtime_ns,8,50794.25,5229.339339588839,46422.412905802434,55166.087094197566
nwsapi_2_2_24,a6801764a7de0d34d75412ba1859cdcd274b6b4c,rss,8,199860224.0,2267766.1171056796,197964324.08073667,201756123.91926333
nwsapi_2_2_25,a6801764a7de0d34d75412ba1859cdcd274b6b4c,runtime_ns,8,50244.9375,5528.334988541823,45623.13378780149,54866.74121219851
nwsapi_2_2_25,a6801764a7de0d34d75412ba1859cdcd274b6b4c,rss,8,197304320.0,1563007.5934344383,195997612.95122272,198611027.04877728
nwsapi_2_2_26,a6801764a7de0d34d75412ba1859cdcd274b6b4c,runtime_ns,8,51586.0,6632.206054010772,46041.336982287765,57130.663017712235
nwsapi_2_2_26,a6801764a7de0d34d75412ba1859cdcd274b6b4c,rss,8,199559168.0,1183459.4932446387,198569771.10374618,200548564.89625382
nwsapi_2_2_27,a6801764a7de0d34d75412ba1859cdcd274b6b4c,runtime_ns,8,51148.4375,5322.348974154041,46698.84240539279,55598.03259460721
nwsapi_2_2_27,a6801764a7de0d34d75412ba1859cdcd274b6b4c,rss,8,198076416.0,1808207.885292586,196564716.37723958,199588115.62276042
nwsapi_2_2_21,b11add0a088f641cf88b17d615b78ba6ef8057ef,runtime_ns,5,35833.5,1205.8272056974001,34336.2677706309,37330.7322293691
nwsapi_2_2_21,b11add0a088f641cf88b17d615b78ba6ef8057ef,rss,5,197096243.2,994537.140947084,195861362.2372095,198331124.16279048
nwsapi_2_2_22,b11add0a088f641cf88b17d615b78ba6ef8057ef,runtime_ns,3,32492.833333333332,318.7178741980646,31701.094242629024,33284.572424037644
nwsapi_2_2_22,b11add0a088f641cf88b17d615b78ba6ef8057ef,rss,3,196788224.0,413513.464680414,195760999.60807085,197815448.39192915
nwsapi_2_2_23,b11add0a088f641cf88b17d615b78ba6ef8057ef,runtime_ns,3,31069.333333333332,507.103621889386,29809.618102432727,32329.048564233937
nwsapi_2_2_23,b11add0a088f641cf88b17d615b78ba6ef8057ef,rss,3,196400469.33333334,378726.83030032786,195459659.73173264,197341278.93493405
nwsapi_2_2_24,b11add0a088f641cf88b17d615b78ba6ef8057ef,runtime_ns,7,32866.07142857143,1625.3985262229135,31362.82851227175,34369.314344871105
nwsapi_2_2_24,b11add0a088f641cf88b17d615b78ba6ef8057ef,rss,7,197883611.42857143,1228014.357100499,196747887.57153353,199019335.28560933
nwsapi_2_2_25,b11add0a088f641cf88b17d615b78ba6ef8057ef,runtime_ns,8,33908.8125,3014.61363240442,31388.532432679764,36429.09256732024
nwsapi_2_2_25,b11add0a088f641cf88b17d615b78ba6ef8057ef,rss,8,196888576.0,1035342.7829285747,196023007.77241337,197754144.22758663
nwsapi_2_2_26,b11add0a088f641cf88b17d615b78ba6ef8057ef,runtime_ns,5,32129.1,1183.5962360534947,30659.471165282892,33598.728834717105
nwsapi_2_2_26,b11add0a088f641cf88b17d615b78ba6ef8057ef,rss,5,196945510.4,1552923.1950140998,195017301.57677543,198873719.22322458
nwsapi_2_2_27,b11add0a088f641cf88b17d615b78ba6ef8057ef,runtime_ns,3,31951.166666666668,535.0180682307218,30622.10810690692,33280.22522642642
nwsapi_2_2_27,b11add0a088f641cf88b17d615b78ba6ef8057ef,rss,3,197771264.0,2121775.4434850076,192500481.6049731,203042046.3950269
nwsapi_2_2_21,3ce64c05eedd12c8076c392a65b694285bdebc95,runtime_ns,8,9229.0,1395.7713433285348,8062.105955166138,10395.894044833862
nwsapi_2_2_21,3ce64c05eedd12c8076c392a65b694285bdebc95,rss,8,197451776.0,932429.1362144977,196672245.73418757,198231306.26581243
nwsapi_2_2_22,3ce64c05eedd12c8076c392a65b694285bdebc95,runtime_ns,4,8583.25,241.68591877338102,8198.673770380277,8967.826229619723
nwsapi_2_2_22,3ce64c05eedd12c8076c392a65b694285bdebc95,rss,4,195719168.0,387802.73880415026,195102087.30335692,196336248.69664308
nwsapi_2_2_23,3ce64c05eedd12c8076c392a65b694285bdebc95,runtime_ns,8,9028.75,1081.88522628657,8124.271316022333,9933.228683977666
nwsapi_2_2_23,3ce64c05eedd12c8076c392a65b694285bdebc95,rss,8,197083136.0,1241359.298965913,196045333.65480492,198120938.34519508
nwsapi_2_2_24,3ce64c05eedd12c8076c392a65b694285bdebc95,runtime_ns,8,9593.6875,1656.4174753601737,8208.887835645828,10978.487164354172
nwsapi_2_2_24,3ce64c05eedd12c8076c392a65b694285bdebc95,rss,8,196849664.0,1115685.6113767636,195916927.48692778,197782400.51307222
nwsapi_2_2_25,3ce64c05eedd12c8076c392a65b694285bdebc95,runtime_ns,4,9198.0,241.01694269628985,8814.48826060271,9581.51173939729
nwsapi_2_2_25,3ce64c05eedd12c8076c392a65b694285bdebc95,rss,4,196988928.0,1449305.0312403757,194682760.27905,199295095.72095
nwsapi_2_2_26,3ce64c05eedd12c8076c392a65b694285bdebc95,runtime_ns,8,10377.6875,1106.844354056677,9452.342463020894,11303.032536979106
nwsapi_2_2_26,3ce64c05eedd12c8076c392a65b694285bdebc95,rss,8,197093376.0,1240584.8296366401,196056221.12736735,198130530.87263265
nwsapi_2_2_27,3ce64c05eedd12c8076c392a65b694285bdebc95,runtime_ns,3,9784.666666666666,60.04442799572108,9635.508038702019,9933.825294631313
nwsapi_2_2_27,3ce64c05eedd12c8076c392a65b694285bdebc95,rss,3,198273706.66666666,2192662.421679483,192826831.25583485,203720582.07749847
nwsapi_2_2_21,1ab7b376621b6552daf6841f4b802e3d694a1fec,runtime_ns,0,nan,0,nan,nan
nwsapi_2_2_21,1ab7b376621b6552daf6841f4b802e3d694a1fec,rss,0,nan,0,nan,nan
nwsapi_2_2_22,1ab7b376621b6552daf6841f4b802e3d694a1fec,runtime_ns,0,nan,0,nan,nan
nwsapi_2_2_22,1ab7b376621b6552daf6841f4b802e3d694a1fec,rss,0,nan,0,nan,nan
nwsapi_2_2_23,1ab7b376621b6552daf6841f4b802e3d694a1fec,runtime_ns,0,nan,0,nan,nan
nwsapi_2_2_23,1ab7b376621b6552daf6841f4b802e3d694a1fec,rss,0,nan,0,nan,nan
nwsapi_2_2_24,1ab7b376621b6552daf6841f4b802e3d694a1fec,runtime_ns,0,nan,0,nan,nan
nwsapi_2_2_24,1ab7b376621b6552daf6841f4b802e3d694a1fec,rss,0,nan,0,nan,nan
nwsapi_2_2_25,1ab7b376621b6552daf6841f4b802e3d694a1fec,runtime_ns,0,nan,0,nan,nan
nwsapi_2_2_25,1ab7b376621b6552daf6841f4b802e3d694a1fec,rss,0,nan,0,nan,nan
nwsapi_2_2_26,1ab7b376621b6552daf6841f4b802e3d694a1fec,runtime_ns,0,nan,0,nan,nan
nwsapi_2_2_26,1ab7b376621b6552daf6841f4b802e3d694a1fec,rss,0,nan,0,nan,nan
nwsapi_2_2_27,1ab7b376621b6552daf6841f4b802e3d694a1fec,runtime_ns,0,nan,0,nan,nan
nwsapi_2_2_27,1ab7b376621b6552daf6841f4b802e3d694a1fec,rss,0,nan,0,nan,nan
nwsapi_2_2_21,353f7876ed95b2026d66f7532479ff3c907d2abf,runtime_ns,5,40604.0,1606.7592772409935,38608.944851669956,42599.055148330044
nwsapi_2_2_21,353f7876ed95b2026d66f7532479ff3c907d2abf,rss,5,197899059.2,933557.38709262,196739894.6021899,199058223.79781008
nwsapi_2_2_22,353f7876ed95b2026d66f7532479ff3c907d2abf,runtime_ns,8,36966.0,4485.90372325195,33215.69063494475,40716.30936505525
nwsapi_2_2_22,353f7876ed95b2026d66f7532479ff3c907d2abf,rss,8,198758400.0,1161688.8168170142,197787203.8447177,199729596.1552823
nwsapi_2_2_23,353f7876ed95b2026d66f7532479ff3c907d2abf,runtime_ns,8,34796.8125,1890.8626704213232,33216.01174759915,36377.61325240085
nwsapi_2_2_23,353f7876ed95b2026d66f7532479ff3c907d2abf,rss,8,197771264.0,1392598.6951857822,196607022.35539046,198935505.64460954
nwsapi_2_2_24,353f7876ed95b2026d66f7532479ff3c907d2abf,runtime_ns,8,35140.625,2302.2376963976344,33215.90611924699,37065.34388075301
nwsapi_2_2_24,353f7876ed95b2026d66f7532479ff3c907d2abf,rss,8,197384192.0,1070435.0164334392,196489285.9310166,198279098.0689834
nwsapi_2_2_25,353f7876ed95b2026d66f7532479ff3c907d2abf,runtime_ns,8,34166.625,2181.748344627701,32342.637738160254,35990.61226183975
nwsapi_2_2_25,353f7876ed95b2026d66f7532479ff3c907d2abf,rss,8,197144576.0,1562387.9694423808,195838386.9698436,198450765.0301564
nwsapi_2_2_26,353f7876ed95b2026d66f7532479ff3c907d2abf,runtime_ns,8,35281.25,2225.753195148619,33420.47376247158,37142.02623752842
nwsapi_2_2_26,353f7876ed95b2026d66f7532479ff3c907d2abf,rss,8,197523456.0,1010184.026034295,196678921.0195392,198367990.9804608
nwsapi_2_2_27,353f7876ed95b2026d66f7532479ff3c907d2abf,runtime_ns,3,34243.333333333336,651.4762722719327,32624.976557072103,35861.69010959457
nwsapi_2_2_27,353f7876ed95b2026d66f7532479ff3c907d2abf,rss,3,198339242.66666666,1778047.7619561667,193922327.16789806,202756158.16543525
nwsapi_2_2_21,25f62c3d96ed7466135e168a03135cd591e5a3ec,runtime_ns,8,2213.5,211.31273371136777,2036.8381336105285,2390.1618663894715
nwsapi_2_2_21,25f62c3d96ed7466135e168a03135cd591e5a3ec,rss,8,196823040.0,1218046.7855635572,195804727.40374506,197841352.59625494
nwsapi_2_2_22,25f62c3d96ed7466135e168a03135cd591e5a3ec,runtime_ns,8,2229.3125,136.76072365893026,2114.977673763915,2343.647326236085
nwsapi_2_2_22,25f62c3d96ed7466135e168a03135cd591e5a3ec,rss,8,196802560.0,905955.7313637666,196045162.05450955,197559957.94549045
nwsapi_2_2_23,25f62c3d96ed7466135e168a03135cd591e5a3ec,runtime_ns,5,2050.1,66.97611514562486,1966.9381690841276,2133.261830915872
nwsapi_2_2_23,25f62c3d96ed7466135e168a03135cd591e5a3ec,rss,5,196827545.6,1400070.0805134005,195089128.98606426,198565962.21393573
nwsapi_2_2_24,25f62c3d96ed7466135e168a03135cd591e5a3ec,runtime_ns,4,2067.75,54.658790082962255,1980.7756677245995,2154.7243322754007
nwsapi_2_2_24,25f62c3d96ed7466135e168a03135cd591e5a3ec,rss,4,196952064.0,1375280.4161246535,194763685.9604875,199140442.0395125
nwsapi_2_2_25,25f62c3d96ed7466135e168a03135cd591e5a3ec,runtime_ns,8,2411.4375,282.8191544205287,2174.994769866814,2647.880230133186
nwsapi_2_2_25,25f62c3d96ed7466135e168a03135cd591e5a3ec,rss,8,197234688.0,1385662.7637648964,196076244.9391693,198393131.0608307
nwsapi_2_2_26,25f62c3d96ed7466135e168a03135cd591e5a3ec,runtime_ns,8,2494.8125,278.97566938201413,2261.583003770983,2728.041996229017
nwsapi_2_2_26,25f62c3d96ed7466135e168a03135cd591e5a3ec,rss,8,197142528.0,1837116.1767496984,195606660.44077286,198678395.55922714
nwsapi_2_2_27,25f62c3d96ed7466135e168a03135cd591e5a3ec,runtime_ns,6,2434.0,108.3203581973398,2320.3247555814123,2547.6752444185877
nwsapi_2_2_27,25f62c3d96ed7466135e168a03135cd591e5a3ec,rss,6,197550080.0,1297412.1218561202,196188529.47969112,198911630.52030888
nwsapi_2_2_21,8b3fa59a79411ac61e401bb0cb01139948637717,runtime_ns,8,34023.5625,2881.631921542028,31614.45792515484,36432.667074845165
nwsapi_2_2_21,8b3fa59a79411ac61e401bb0cb01139948637717,rss,8,197382144.0,1427887.6559889838,196188400.04585642,198575887.95414358
nwsapi_2_2_22,8b3fa59a79411ac61e401bb0cb01139948637717,runtime_ns,8,33833.25,1843.8822785478626,32291.725838111724,35374.77416188828
nwsapi_2_2_22,8b3fa59a79411ac61e401bb0cb01139948637717,rss,8,197537792.0,1532876.8431200578,196256274.88886994,198819309.11113006
nwsapi_2_2_23,8b3fa59a79411ac61e401bb0cb01139948637717,runtime_ns,8,34010.3125,2661.9552016395232,31784.862258988323,36235.76274101168
nwsapi_2_2_23,8b3fa59a79411ac61e401bb0cb01139948637717,rss,8,197134336.0,621447.6098989703,196614792.79642767,197653879.20357233
nwsapi_2_2_24,8b3fa59a79411ac61e401bb0cb01139948637717,runtime_ns,8,33851.5,2594.0879074211366,31682.788236849294,36020.211763150706
nwsapi_2_2_24,8b3fa59a79411ac61e401bb0cb01139948637717,rss,8,197535744.0,1065947.5333408434,196644589.56076747,198426898.43923253
nwsapi_2_2_25,8b3fa59a79411ac61e401bb0cb01139948637717,runtime_ns,3,31618.166666666668,479.146202461559,30427.90151568995,32808.43181764339
nwsapi_2_2_25,8b3fa59a79411ac61e401bb0cb01139948637717,rss,3,197072213.33333334,1304287.147509065,193832184.4432548,200312242.2234119
nwsapi_2_2_26,8b3fa59a79411ac61e401bb0cb01139948637717,runtime_ns,8,34632.5,3197.3233895154954,31959.470753149024,37305.52924685098
nwsapi_2_2_26,8b3fa59a79411ac61e401bb0cb01139948637717,rss,8,197240832.0,1092280.0761081644,196327663.00409427,198154000.99590573
nwsapi_2_2_27,8b3fa59a79411ac61e401bb0cb01139948637717,runtime_ns,5,32825.0,1292.1041463442489,31220.640799554538,34429.35920044546
nwsapi_2_2_27,8b3fa59a79411ac61e401bb0cb01139948637717,rss,5,197060198.4,1500930.004160354,195196547.65001026,198923849.14998975
nwsapi_2_2_21,28717d869e3424c629c34e334605a1379d6787cb,runtime_ns,4,73984.25,1499.2665151110837,71598.58240917457,76369.91759082543
nwsapi_2_2_21,28717d869e3424c629c34e334605a1379d6787cb,rss,4,196874240.0,648273.1492120689,195842692.75573772,197905787.24426228
nwsapi_2_2_22,28717d869e3424c629c34e334605a1379d6787cb,runtime_ns,8,82145.8125,6654.1463600712905,76582.80692739421,87708.81807260579
nwsapi_2_2_22,28717d869e3424c629c34e334605a1379d6787cb,rss,8,198807552.0,1300992.474953531,197719895.07205603,199895208.92794397
nwsapi_2_2_23,28717d869e3424c629c34e334605a1379d6787cb,runtime_ns,8,75661.4375,7488.471136341612,69400.9189589982,81921.9560410018
nwsapi_2_2_23,28717d869e3424c629c34e334605a1379d6787cb,rss,8,197398528.0,905164.3682754136,196641791.650608,198155264.349392
nwsapi_2_2_24,28717d869e3424c629c34e334605a1379d6787cb,runtime_ns,8,79583.375,8545.258479539567,72439.36013037123,86727.38986962877
nwsapi_2_2_24,28717d869e3424c629c34e334605a1379d6787cb,rss,8,197957632.0,1539621.2763789857,196670476.40156093,199244787.59843907
nwsapi_2_2_25,28717d869e3424c629c34e334605a1379d6787cb,runtime_ns,8,78333.4375,5777.905289224634,73502.98779501324,83163.88720498676
nwsapi_2_2_25,28717d869e3424c629c34e334605a1379d6787cb,rss,8,197531648.0,1503403.387660715,196274771.31426665,198788524.68573335
nwsapi_2_2_26,28717d869e3424c629c34e334605a1379d6787cb,runtime_ns,8,88695.25,34998.555587542265,59435.72530199424,117954.77469800576
nwsapi_2_2_26,28717d869e3424c629c34e334605a1379d6787cb,rss,8,198412288.0,1667939.424730835,197017855.744914,199806720.255086
nwsapi_2_2_27,28717d869e3424c629c34e334605a1379d6787cb,runtime_ns,8,79304.6875,5080.463596235935,75057.31364196863,83552.06135803137
nwsapi_2_2_27,28717d869e3424c629c34e334605a1379d6787cb,rss,8,198049792.0,1355621.3083955268,196916464.2243743,199183119.7756257
nwsapi_2_2_21,a4545198a4280721e5bf6c674c739ceff7611eb5,runtime_ns,8,69908.9375,5362.791213787702,65425.53184694149,74392.34315305851
nwsapi_2_2_21,a4545198a4280721e5bf6c674c739ceff7611eb5,rss,8,198227968.0,1695123.408870449,196810809.36544004,199645126.63455996
nwsapi_2_2_22,a4545198a4280721e5bf6c674c739ceff7611eb5,runtime_ns,8,68492.1875,4287.79046444253,64907.50496416167,72076.87003583834
nwsapi_2_2_22,a4545198a4280721e5bf6c674c739ceff7611eb5,rss,8,197558272.0,1046745.8313972063,196683170.58532324,198433373.41467676
nwsapi_2_2_23,a4545198a4280721e5bf6c674c739ceff7611eb5,runtime_ns,8,72554.6875,4796.253321511193,68544.91937778065,76564.45562221935
nwsapi_2_2_23,a4545198a4280721e5bf6c674c739ceff7611eb5,rss,8,199811072.0,2493661.1009041076,197726319.14819,201895824.85181
nwsapi_2_2_24,a4545198a4280721e5bf6c674c739ceff7611eb5,runtime_ns,8,70721.3125,4493.989318582735,66964.24340808438,74478.38159191562
nwsapi_2_2_24,a4545198a4280721e5bf6c674c739ceff7611eb5,rss,8,198408192.0,2282857.7479150994,196499675.1616385,200316708.8383615
nwsapi_2_2_25,a4545198a4280721e5bf6c674c739ceff7611eb5,runtime_ns,8,71562.625,8065.71207887349,64819.520954220294,78305.7290457797
nwsapi_2_2_25,a4545198a4280721e5bf6c674c739ceff7611eb5,rss,8,198232064.0,1760094.3464374696,196760588.3023361,199703539.6976639
nwsapi_2_2_26,a4545198a4280721e5bf6c674c739ceff7611eb5,runtime_ns,7,70151.71428571429,3681.121951447489,66747.24429987786,73556.18427155072
nwsapi_2_2_26,a4545198a4280721e5bf6c674c739ceff7611eb5,rss,7,198234697.14285713,1683722.4490795613,196677513.59447825,199791880.69123602
nwsapi_2_2_27,a4545198a4280721e5bf6c674c739ceff7611eb5,runtime_ns,3,72770.66666666667,1161.446655397196,69885.47322980821,75655.86010352513
nwsapi_2_2_27,a4545198a4280721e5bf6c674c739ceff7611eb5,rss,3,201108138.66666666,1808212.7453829467,196616289.1949933,205599988.13834003
nwsapi_2_2_21,b0abbd285e275fc0990c21d1729024742a4a618e,runtime_ns,8,98127.375,8733.668324977443,90825.84555774415,105428.90444225585
nwsapi_2_2_21,b0abbd285e275fc0990c21d1729024742a4a618e,rss,8,199530496.0,1942768.9285035566,197906300.52987888,201154691.47012112
nwsapi_2_2_22,b0abbd285e275fc0990c21d1729024742a4a618e,runtime_ns,5,93591.7,2943.5212034228666,89936.83569376041,97246.56430623958
nwsapi_2_2_22,b0abbd285e275fc0990c21d1729024742a4a618e,rss,5,199137689.6,1630294.4459491973,197113411.67999333,201161967.52000666
nwsapi_2_2_23,b0abbd285e275fc0990c21d1729024742a4a618e,runtime_ns,5,94175.1,2941.789663623149,90522.38568439118,97827.81431560883
nwsapi_2_2_23,b0abbd285e275fc0990c21d1729024742a4a618e,rss,5,198256230.4,937373.8731823071,197092327.00881273,199420133.7911873
nwsapi_2_2_24,b0abbd285e275fc0990c21d1729024742a4a618e,runtime_ns,5,92512.3,2640.668726856892,89233.47671067923,95791.12328932078
nwsapi_2_2_24,b0abbd285e275fc0990c21d1729024742a4a618e,rss,5,197627084.8,1112508.5873732392,196245722.93936613,199008446.6606339
nwsapi_2_2_25,b0abbd285e275fc0990c21d1729024742a4a618e,runtime_ns,7,91863.14285714286,3996.5882920549216,88166.91516745818,95559.37054682753
nwsapi_2_2_25,b0abbd285e275fc0990c21d1729024742a4a618e,rss,7,197698706.2857143,1549937.2863405058,196265253.37628266,199132159.19514593
nwsapi_2_2_26,b0abbd285e275fc0990c21d1729024742a4a618e,runtime_ns,6,90954.83333333333,3879.1538596279815,86883.91102039965,95025.755646267
nwsapi_2_2_26,b0abbd285e275fc0990c21d1729024742a4a618e,rss,6,199761920.0,1917467.0558304777,197749661.73328507,201774178.26671493
nwsapi_2_2_27,b0abbd285e275fc0990c21d1729024742a4a618e,runtime_ns,3,92382.16666666667,862.9334176709889,90238.52122110057,94525.81211223277
nwsapi_2_2_27,b0abbd285e275fc0990c21d1729024742a4a618e,rss,3,198093482.66666666,1183094.2253554165,195154513.68490723,201032451.6484261
nwsapi_2_2_21,4d0af3cb8367de68a01af66fdfc97f959d76b40d,runtime_ns,8,54588.4375,5604.18557506989,49903.22111054614,59273.65388945386
nwsapi_2_2_21,4d0af3cb8367de68a01af66fdfc97f959d76b40d,rss,8,198699008.0,1700758.3557111053,197277138.43198898,200120877.56801102
nwsapi_2_2_22,4d0af3cb8367de68a01af66fdfc97f959d76b40d,runtime_ns,8,57708.3125,4237.333485455716,54165.813054236874,61250.811945763126
nwsapi_2_2_22,4d0af3cb8367de68a01af66fdfc97f959d76b40d,rss,8,198422528.0,1651170.7085774022,197042114.74244714,199802941.25755286
nwsapi_2_2_23,4d0af3cb8367de68a01af66fdfc97f959d76b40d,runtime_ns,4,55427.125,1653.537187113331,52795.97834411098,58058.27165588902
nwsapi_2_2_23,4d0af3cb8367de68a01af66fdfc97f959d76b40d,rss,4,199008256.0,1804596.7620791816,196136739.8509971,201879772.1490029
nwsapi_2_2_24,4d0af3cb8367de68a01af66fdfc97f959d76b40d,runtime_ns,4,55114.625,1039.542317160137,53460.48119678383,56768.76880321617
nwsapi_2_2_24,4d0af3cb8367de68a01af66fdfc97f959d76b40d,rss,4,198021120.0,2055974.4054853083,194749605.9247527,201292634.0752473
nwsapi_2_2_25,4d0af3cb8367de68a01af66fdfc97f959d76b40d,runtime_ns,3,52917.0,989.6250552608295,50458.63507973357,55375.36492026643
nwsapi_2_2_25,4d0af3cb8367de68a01af66fdfc97f959d76b40d,rss,3,198808917.33333334,1647983.9158308958,194715098.33965984,202902736.32700685
nwsapi_2_2_26,4d0af3cb8367de68a01af66fdfc97f959d76b40d,runtime_ns,8,56435.125,3340.7967265095826,53642.149041725934,59228.100958274066
nwsapi_2_2_26,4d0af3cb8367de68a01af66fdfc97f959d76b40d,rss,8,199061504.0,1553107.1545952188,197763073.92522562,200359934.07477438
nwsapi_2_2_27,4d0af3cb8367de68a01af66fdfc97f959d76b40d,runtime_ns,8,55471.25,4684.901378745494,51554.574431596884,59387.925568403116
nwsapi_2_2_27,4d0af3cb8367de68a01af66fdfc97f959d76b40d,rss,8,197615616.0,1558215.9822830358,196312914.8383936,198918317.1616064
nwsapi_2_2_21,4020b4e392f422ebdf39213b435de4832f07a490,runtime_ns,8,30557.1875,2134.036700338787,28773.08817099114,32341.28682900886
nwsapi_2_2_21,4020b4e392f422ebdf39213b435de4832f07a490,rss,8,197117952.0,958326.456553447,196316771.03257006,197919132.96742994
nwsapi_2_2_22,4020b4e392f422ebdf39213b435de4832f07a490,runtime_ns,8,32325.5625,5498.797579195318,27728.452679985905,36922.67232001409
nwsapi_2_2_22,4020b4e392f422ebdf39213b435de4832f07a490,rss,8,197105664.0,1324397.6637922183,195998439.8445122,198212888.1554878
nwsapi_2_2_23,4020b4e392f422ebdf39213b435de4832f07a490,runtime_ns,8,30849.0,2520.3505708531898,28741.93419292535,32956.06580707465
nwsapi_2_2_23,4020b4e392f422ebdf39213b435de4832f07a490,rss,8,196913152.0,1289510.6873007517,195835094.08675146,197991209.91324854
nwsapi_2_2_24,4020b4e392f422ebdf39213b435de4832f07a490,runtime_ns,8,30817.6875,2300.0750599165235,28894.776628591077,32740.598371408923
nwsapi_2_2_24,4020b4e392f422ebdf39213b435de4832f07a490,rss,8,196937728.0,1243255.7701776412,195898340.16519463,197977115.83480537
nwsapi_2_2_25,4020b4e392f422ebdf39213b435de4832f07a490,runtime_ns,8,32708.375,4746.411146103669,28740.275979200876,36676.47402079912
nwsapi_2_2_25,4020b4e392f422ebdf39213b435de4832f07a490,rss,8,197718016.0,1434265.236674763,196518940.2549737,198917091.7450263
nwsapi_2_2_26,4020b4e392f422ebdf39213b435de4832f07a490,runtime_ns,3,31110.833333333332,463.58125860881535,29959.233646362492,32262.43302030417
nwsapi_2_2_26,4020b4e392f422ebdf39213b435de4832f07a490,rss,3,197733034.66666666,1130654.288435388,194924333.70981207,200541735.62352124
nwsapi_2_2_27,4020b4e392f422ebdf39213b435de4832f07a490,runtime_ns,8,30838.5,4160.587750375111,27360.161594410114,34316.838405589886
nwsapi_2_2_27,4020b4e392f422ebdf39213b435de4832f07a490,rss,8,196388864.0,903136.4866546236,195633823.0020696,197143904.9979304
nwsapi_2_2_21,eb2f80b4349e743c06e8f71531691c9ce35fcf5d,runtime_ns,7,4172.642857142857,197.66316346369697,3989.8349208143622,4355.450793471352
nwsapi_2_2_21,eb2f80b4349e743c06e8f71531691c9ce35fcf5d,rss,7,196863122.2857143,1237357.4988247757,195718757.46377677,198007487.10765183
nwsapi_2_2_22,eb2f80b4349e743c06e8f71531691c9ce35fcf5d,runtime_ns,4,4229.125,76.22485924333785,4107.834239165134,4350.415760834866
nwsapi_2_2_22,eb2f80b4349e743c06e8f71531691c9ce35fcf5d,rss,4,197267456.0,939892.9279841756,195771876.61198723,198763035.38801277
nwsapi_2_2_23,eb2f80b4349e743c06e8f71531691c9ce35fcf5d,runtime_ns,8,4463.375,493.9422862469432,4050.428914619944,4876.321085380056
nwsapi_2_2_23,eb2f80b4349e743c06e8f71531691c9ce35fcf5d,rss,8,196980736.0,810907.5146983691,196302800.35220543,197658671.64779457
nwsapi_2_2_24,eb2f80b4349e743c06e8f71531691c9ce35fcf5d,runtime_ns,8,4255.1875,222.52398546480975,4069.152792586993,4441.222207413007
nwsapi_2_2_24,eb2f80b4349e743c06e8f71531691c9ce35fcf5d,rss,8,197797888.0,1173845.2837065028,196816528.784065,198779247.215935
nwsapi_2_2_25,eb2f80b4349e743c06e8f71531691c9ce35fcf5d,runtime_ns,3,4541.5,75.23130997131447,4354.615065795879,4728.384934204121
nwsapi_2_2_25,eb2f80b4349e743c06e8f71531691c9ce35fcf5d,rss,3,197601962.66666666,1654080.9067386435,193492997.907951,201710927.42538232
nwsapi_2_2_26,eb2f80b4349e743c06e8f71531691c9ce35fcf5d,runtime_ns,4,4547.125,110.99727849516552,4370.503560578257,4723.746439421743
nwsapi_2_2_26,eb2f80b4349e743c06e8f71531691c9ce35fcf5d,rss,4,196038656.0,1206821.8328110133,194118333.15851745,197958978.84148255
nwsapi_2_2_27,eb2f80b4349e743c06e8f71531691c9ce35fcf5d,runtime_ns,3,4659.833333333333,66.93529213601248,4493.556849891239,4826.109816775427
nwsapi_2_2_27,eb2f80b4349e743c06e8f71531691c9ce35fcf5d,rss,3,196700842.66666666,892940.5259060278,194482655.43191332,198919029.90142
nwsapi_2_2_21,e6e9886e89d06ff9c950e4e8e25100f5346f9dc9,runtime_ns,3,3597.3333333333335,11.98262631201246,3567.5668394258514,3627.0998272408156
nwsapi_2_2_21,e6e9886e89d06ff9c950e4e8e25100f5346f9dc9,rss,3,195925333.33333334,838203.4757964998,193843120.46898705,198007546.19767964
nwsapi_2_2_22,e6e9886e89d06ff9c950e4e8e25100f5346f9dc9,runtime_ns,4,3593.625,64.83617174592179,3490.4561823892254,3696.7938176107746
nwsapi_2_2_22,e6e9886e89d06ff9c950e4e8e25100f5346f9dc9,rss,4,197296128.0,343152.5705843782,196750095.68479756,197842160.31520244
nwsapi_2_2_23,e6e9886e89d06ff9c950e4e8e25100f5346f9dc9,runtime_ns,4,3562.625,91.35131361945487,3417.2646747444765,3707.9853252555235
nwsapi_2_2_23,e6e9886e89d06ff9c950e4e8e25100f5346f9dc9,rss,4,196796416.0,822524.6668674037,195487595.70646155,198105236.29353845
nwsapi_2_2_24,e6e9886e89d06ff9c950e4e8e25100f5346f9dc9,runtime_ns,4,3536.375,102.98169335695867,3372.5081452321438,3700.2418547678562
nwsapi_2_2_24,e6e9886e89d06ff9c950e4e8e25100f5346f9dc9,rss,4,196071424.0,1299914.9302545404,194002969.26651415,198139878.73348585
nwsapi_2_2_25,e6e9886e89d06ff9c950e4e8e25100f5346f9dc9,runtime_ns,8,3859.3125,398.64923155755434,3526.033402026277,4192.591597973723
nwsapi_2_2_25,e6e9886e89d06ff9c950e4e8e25100f5346f9dc9,rss,8,196667392.0,867133.9381479657,195942449.88585314,197392334.11414686
nwsapi_2_2_26,e6e9886e89d06ff9c950e4e8e25100f5346f9dc9,runtime_ns,8,4453.375,1391.3921278961689,3290.14207088792,5616.6079291120805
nwsapi_2_2_26,e6e9886e89d06ff9c950e4e8e25100f5346f9dc9,rss,8,196687872.0,1054536.2036806243,195806257.67110702,197569486.32889298
nwsapi_2_2_27,e6e9886e89d06ff9c950e4e8e25100f5346f9dc9,runtime_ns,8,4057.1875,296.02955179460423,3809.700601279045,4304.674398720956
nwsapi_2_2_27,e6e9886e89d06ff9c950e4e8e25100f5346f9dc9,rss,8,197009408.0,934770.4302139032,196227920.36342037,197790895.63657963
nwsapi_2_2_21,aefda707b3afce13de2a9a89a1b7a705d5a37cd4,runtime_ns,8,36461.0625,3164.5223001889017,33815.4556500783,39106.6693499217
nwsapi_2_2_21,aefda707b3afce13de2a9a89a1b7a705d5a37cd4,rss,8,197574656.0,1292097.1885391816,196494435.7176023,198654876.2823977
nwsapi_2_2_22,aefda707b3afce13de2a9a89a1b7a705d5a37cd4,runtime_ns,3,35930.833333333336,457.04111777096523,34795.480256857954,37066.18640980872
nwsapi_2_2_22,aefda707b3afce13de2a9a89a1b7a705d5a37cd4,rss,3,197782186.66666666,1326429.5899554312,194487152.90027684,201077220.43305647
nwsapi_2_2_23,aefda707b3afce13de2a9a89a1b7a705d5a37cd4,runtime_ns,8,36335.875,2122.586659008296,34561.348145096956,38110.401854903044
nwsapi_2_2_23,aefda707b3afce13de2a9a89a1b7a705d5a37cd4,rss,8,197529600.0,1205079.5172928867,196522128.31131572,198537071.68868428
nwsapi_2_2_24,aefda707b3afce13de2a9a89a1b7a705d5a37cd4,runtime_ns,7,35696.42857142857,1782.8679944724695,34047.55068692839,37345.30645592875
nwsapi_2_2_24,aefda707b3afce13de2a9a89a1b7a705d5a37cd4,rss,7,197251657.14285713,1255478.9653158176,196090532.75968206,198412781.5260322
nwsapi_2_2_25,aefda707b3afce13de2a9a89a1b7a705d5a37cd4,runtime_ns,8,38734.375,2802.4457526290444,36391.4717190698,41077.2782809302
nwsapi_2_2_25,aefda707b3afce13de2a9a89a1b7a705d5a37cd4,rss,8,196810752.0,636597.2425522615,196278543.38657454,197342960.61342546
nwsapi_2_2_26,aefda707b3afce13de2a9a89a1b7a705d5a37cd4,runtime_ns,8,37760.375,2956.441898030227,35288.72771966408,40232.02228033592
nwsapi_2_2_26,aefda707b3afce13de2a9a89a1b7a705d5a37cd4,rss,8,197488640.0,1545954.9587791082,196196189.31056347,198781090.68943653
nwsapi_2_2_27,aefda707b3afce13de2a9a89a1b7a705d5a37cd4,runtime_ns,3,35784.666666666664,413.6950366312525,34756.991225007034,36812.342108326295
nwsapi_2_2_27,aefda707b3afce13de2a9a89a1b7a705d5a37cd4,rss,3,196941141.33333334,888721.8856522739,194733433.78192666,199148848.88474002
nwsapi_2_2_21,28019753f8f8657159365b3c5f42e87c75860686,runtime_ns,8,33786.5,2884.2360835608247,31375.21829122381,36197.78170877619
nwsapi_2_2_21,28019753f8f8657159365b3c5f42e87c75860686,rss,8,197337088.0,709853.2938814088,196743635.79502738,197930540.20497262
nwsapi_2_2_22,28019753f8f8657159365b3c5f42e87c75860686,runtime_ns,5,31091.6,1100.983503509476,29724.548421076033,32458.651578923964
nwsapi_2_2_22,28019753f8f8657159365b3c5f42e87c75860686,rss,5,196368793.6,874021.5218659092,195283552.54264385,197454034.65735614
nwsapi_2_2_23,28019753f8f8657159365b3c5f42e87c75860686,runtime_ns,8,35278.6875,5348.559972670214,30807.179462256463,39750.19553774354
nwsapi_2_2_23,28019753f8f8657159365b3c5f42e87c75860686,rss,8,197269504.0,1384145.0082646688,196112329.8145214,198426678.1854786
nwsapi_2_2_24,28019753f8f8657159365b3c5f42e87c75860686,runtime_ns,5,32824.9,1013.7653451366347,31566.14406831723,34083.65593168278
nwsapi_2_2_24,28019753f8f8657159365b3c5f42e87c75860686,rss,5,196676812.8,789786.9770433038,195696162.74435517,197657462.85564485
nwsapi_2_2_25,28019753f8f8657159365b3c5f42e87c75860686,runtime_ns,3,31277.833333333332,555.1568096793313,29898.747366473905,32656.91930019276
nwsapi_2_2_25,28019753f8f8657159365b3c5f42e87c75860686,rss,3,196569770.66666666,663568.8557529907,194921374.24774763,198218167.08558568
nwsapi_2_2_26,28019753f8f8657159365b3c5f42e87c75860686,runtime_ns,8,34591.0,2748.0826562740585,32293.545404987137,36888.45459501287
nwsapi_2_2_26,28019753f8f8657159365b3c5f42e87c75860686,rss,8,197318656.0,1912911.562738106,195719421.91232356,198917890.08767644
nwsapi_2_2_27,28019753f8f8657159365b3c5f42e87c75860686,runtime_ns,8,33945.375,2751.9169260457597,31644.714875238824,36246.035124761176
nwsapi_2_2_27,28019753f8f8657159365b3c5f42e87c75860686,rss,8,198049792.0,1133967.6053946917,197101771.3574397,198997812.6425603
nwsapi_2_2_21,de363d868f59c75b6bf80011251665eb3226dfcc,runtime_ns,0,nan,0,nan,nan
nwsapi_2_2_21,de363d868f59c75b6bf80011251665eb3226dfcc,rss,0,nan,0,nan,nan
nwsapi_2_2_22,de363d868f59c75b6bf80011251665eb3226dfcc,runtime_ns,0,nan,0,nan,nan
nwsapi_2_2_22,de363d868f59c75b6bf80011251665eb3226dfcc,rss,0,nan,0,nan,nan
nwsapi_2_2_23,de363d868f59c75b6bf80011251665eb3226dfcc,runtime_ns,0,nan,0,nan,nan
nwsapi_2_2_23,de363d868f59c75b6bf80011251665eb3226dfcc,rss,0,nan,0,nan,nan
nwsapi_2_2_24,de363d868f59c75b6bf80011251665eb3226dfcc,runtime_ns,0,nan,0,nan,nan
nwsapi_2_2_24,de363d868f59c75b6bf80011251665eb3226dfcc,rss,0,nan,0,nan,nan
nwsapi_2_2_25,de363d868f59c75b6bf80011251665eb3226dfcc,runtime_ns,0,nan,0,nan,nan
nwsapi_2_2_25,de363d868f59c75b6bf80011251665eb3226dfcc,rss,0,nan,0,nan,nan
nwsapi_2_2_26,de363d868f59c75b6bf80011251665eb3226dfcc,runtime_ns,0,nan,0,nan,nan
nwsapi_2_2_26,de363d868f59c75b6bf80011251665eb3226dfcc,rss,0,nan,0,nan,nan
nwsapi_2_2_27,de363d868f59c75b6bf80011251665eb3226dfcc,runtime_ns,0,nan,0,nan,nan
nwsapi_2_2_27,de363d868f59c75b6bf80011251665eb3226dfcc,rss,0,nan,0,nan,nan
nwsapi_2_2_21,e20065daed00f795020790383998e55863833c24,runtime_ns,8,30320.3125,3654.240882058426,27265.290669924547,33375.33433007546
nwsapi_2_2_21,e20065daed00f795020790383998e55863833c24,rss,8,197859328.0,1336072.9728984544,196742343.0418329,198976312.9581671
nwsapi_2_2_22,e20065daed00f795020790383998e55863833c24,runtime_ns,4,22536.375,519.6852212317248,21709.439843890275,23363.310156109725
nwsapi_2_2_22,e20065daed00f795020790383998e55863833c24,rss,4,196874240.0,1153133.7307170115,195039346.9095908,198709133.0904092
nwsapi_2_2_23,e20065daed00f795020790383998e55863833c24,runtime_ns,7,24509.071428571428,1207.3418608859793,23392.466441764635,25625.67641537822
nwsapi_2_2_23,e20065daed00f795020790383998e55863833c24,rss,7,197789988.57142857,1358767.0645864774,196533338.62879118,199046638.51406595
nwsapi_2_2_24,e20065daed00f795020790383998e55863833c24,runtime_ns,4,24176.875,429.74747914715374,23493.050861391577,24860.699138608423
nwsapi_2_2_24,e20065daed00f795020790383998e55863833c24,rss,4,196345856.0,802091.2102414953,195069549.8957332,197622162.1042668
nwsapi_2_2_25,e20065daed00f795020790383998e55863833c24,runtime_ns,8,25815.125,1901.7179967823079,24225.24896765025,27405.00103234975
nwsapi_2_2_25,e20065daed00f795020790383998e55863833c24,rss,8,197414912.0,1951823.971978738,195783146.32408738,199046677.67591262
nwsapi_2_2_26,e20065daed00f795020790383998e55863833c24,runtime_ns,8,27065.1875,3696.8802961560905,23974.518227652865,30155.856772347135
nwsapi_2_2_26,e20065daed00f795020790383998e55863833c24,rss,8,197662720.0,775725.9844926834,197014196.8475123,198311243.1524877
nwsapi_2_2_27,e20065daed00f795020790383998e55863833c24,runtime_ns,8,26726.5625,2459.672516493376,24670.224815853937,28782.900184146063
nwsapi_2_2_27,e20065daed00f795020790383998e55863833c24,rss,8,197412864.0,1436687.9005331276,196211762.85730204,198613965.14269796
nwsapi_2_2_21,480db66d0a9ee47acf66dad52eca2b42e37621b3,runtime_ns,0,nan,0,nan,nan
nwsapi_2_2_21,480db66d0a9ee47acf66dad52eca2b42e37621b3,rss,0,nan,0,nan,nan
nwsapi_2_2_22,480db66d0a9ee47acf66dad52eca2b42e37621b3,runtime_ns,0,nan,0,nan,nan
nwsapi_2_2_22,480db66d0a9ee47acf66dad52eca2b42e37621b3,rss,0,nan,0,nan,nan
nwsapi_2_2_23,480db66d0a9ee47acf66dad52eca2b42e37621b3,runtime_ns,0,nan,0,nan,nan
nwsapi_2_2_23,480db66d0a9ee47acf66dad52eca2b42e37621b3,rss,0,nan,0,nan,nan
nwsapi_2_2_24,480db66d0a9ee47acf66dad52eca2b42e37621b3,runtime_ns,0,nan,0,nan,nan
nwsapi_2_2_24,480db66d0a9ee47acf66dad52eca2b42e37621b3,rss,0,nan,0,nan,nan
nwsapi_2_2_25,480db66d0a9ee47acf66dad52eca2b42e37621b3,runtime_ns,0,nan,0,nan,nan
nwsapi_2_2_25,480db66d0a9ee47acf66dad52eca2b42e37621b3,rss,0,nan,0,nan,nan
nwsapi_2_2_26,480db66d0a9ee47acf66dad52eca2b42e37621b3,runtime_ns,0,nan,0,nan,nan
nwsapi_2_2_26,480db66d0a9ee47acf66dad52eca2b42e37621b3,rss,0,nan,0,nan,nan
nwsapi_2_2_27,480db66d0a9ee47acf66dad52eca2b42e37621b3,runtime_ns,0,nan,0,nan,nan
nwsapi_2_2_27,480db66d0a9ee47acf66dad52eca2b42e37621b3,rss,0,nan,0,nan,nan
nwsapi_2_2_21,88c8021c44a4ae41e412b0639928cbfe94e50d26,runtime_ns,0,nan,0,nan,nan
nwsapi_2_2_21,88c8021c44a4ae41e412b0639928cbfe94e50d26,rss,0,nan,0,nan,nan
nwsapi_2_2_22,88c8021c44a4ae41e412b0639928cbfe94e50d26,runtime_ns,0,nan,0,nan,nan
nwsapi_2_2_22,88c8021c44a4ae41e412b0639928cbfe94e50d26,rss,0,nan,0,nan,nan
nwsapi_2_2_23,88c8021c44a4ae41e412b0639928cbfe94e50d26,runtime_ns,0,nan,0,nan,nan
nwsapi_2_2_23,88c8021c44a4ae41e412b0639928cbfe94e50d26,rss,0,nan,0,nan,nan
nwsapi_2_2_24,88c8021c44a4ae41e412b0639928cbfe94e50d26,runtime_ns,0,nan,0,nan,nan
nwsapi_2_2_24,88c8021c44a4ae41e412b0639928cbfe94e50d26,rss,0,nan,0,nan,nan
nwsapi_2_2_25,88c8021c44a4ae41e412b0639928cbfe94e50d26,runtime_ns,0,nan,0,nan,nan
nwsapi_2_2_25,88c8021c44a4ae41e412b0639928cbfe94e50d26,rss,0,nan,0,nan,nan
nwsapi_2_2_26,88c8021c44a4ae41e412b0639928cbfe94e50d26,runtime_ns,0,nan,0,nan,nan
nwsapi_2_2_26,88c8021c44a4ae41e412b0639928cbfe94e50d26,rss,0,nan,0,nan,nan
nwsapi_2_2_27,88c8021c44a4ae41e412b0639928cbfe94e50d26,runtime_ns,0,nan,0,nan,nan
nwsapi_2_2_27,88c8021c44a4ae41e412b0639928cbfe94e50d26,rss,0,nan,0,nan,nan
nwsapi_2_2_21,44cfb79281764f181c27b6ea7e1359c25e28ed00,runtime_ns,0,nan,0,nan,nan
nwsapi_2_2_21,44cfb79281764f181c27b6ea7e1359c25e28ed00,rss,0,nan,0,nan,nan
nwsapi_2_2_22,44cfb79281764f181c27b6ea7e1359c25e28ed00,runtime_ns,0,nan,0,nan,nan
nwsapi_2_2_22,44cfb79281764f181c27b6ea7e1359c25e28ed00,rss,0,nan,0,nan,nan
nwsapi_2_2_23,44cfb79281764f181c27b6ea7e1359c25e28ed00,runtime_ns,0,nan,0,nan,nan
nwsapi_2_2_23,44cfb79281764f181c27b6ea7e1359c25e28ed00,rss,0,nan,0,nan,nan
nwsapi_2_2_24,44cfb79281764f181c27b6ea7e1359c25e28ed00,runtime_ns,0,nan,0,nan,nan
nwsapi_2_2_24,44cfb79281764f181c27b6ea7e1359c25e28ed00,rss,0,nan,0,nan,nan
nwsapi_2_2_25,44cfb79281764f181c27b6ea7e1359c25e28ed00,runtime_ns,0,nan,0,nan,nan
nwsapi_2_2_25,44cfb79281764f181c27b6ea7e1359c25e28ed00,rss,0,nan,0,nan,nan
nwsapi_2_2_26,44cfb79281764f181c27b6ea7e1359c25e28ed00,runtime_ns,0,nan,0,nan,nan
nwsapi_2_2_26,44cfb79281764f181c27b6ea7e1359c25e28ed00,rss,0,nan,0,nan,nan
nwsapi_2_2_27,44cfb79281764f181c27b6ea7e1359c25e28ed00,runtime_ns,0,nan,0,nan,nan
nwsapi_2_2_27,44cfb79281764f181c27b6ea7e1359c25e28ed00,rss,0,nan,0,nan,nan
nwsapi_2_2_21,a819e44a6f756ecc2a3823717244f8ac502aee45,runtime_ns,4,59619.625,1731.9966019500923,56863.63190668,62375.61809332
nwsapi_2_2_21,a819e44a6f756ecc2a3823717244f8ac502aee45,rss,4,196870144.0,441051.2749269258,196168332.99983406,197571955.00016594
nwsapi_2_2_22,a819e44a6f756ecc2a3823717244f8ac502aee45,runtime_ns,6,57465.333333333336,2597.0682445147004,54739.87735829751,60190.78930836916
nwsapi_2_2_22,a819e44a6f756ecc2a3823717244f8ac502aee45,rss,6,196673536.0,279394.0418205084,196380329.93493897,196966742.06506103
nwsapi_2_2_23,a819e44a6f756ecc2a3823717244f8ac502aee45,runtime_ns,8,57226.4375,4319.7664242203455,53615.02239279822,60837.85260720178
nwsapi_2_2_23,a819e44a6f756ecc2a3823717244f8ac502aee45,rss,8,197552128.0,1093928.9142159624,196637580.54093978,198466675.45906022
nwsapi_2_2_24,a819e44a6f756ecc2a3823717244f8ac502aee45,runtime_ns,8,60815.0625,5004.899588242791,56630.8617335731,64999.2632664269
nwsapi_2_2_24,a819e44a6f756ecc2a3823717244f8ac502aee45,rss,8,199186432.0,1681027.542827303,197781057.8043606,200591806.1956394
nwsapi_2_2_25,a819e44a6f756ecc2a3823717244f8ac502aee45,runtime_ns,8,64661.5625,6710.939158448157,59051.076959753256,70272.04804024675
nwsapi_2_2_25,a819e44a6f756ecc2a3823717244f8ac502aee45,rss,8,198041600.0,1724427.8140077156,196599942.26964936,199483257.73035064
nwsapi_2_2_26,a819e44a6f756ecc2a3823717244f8ac502aee45,runtime_ns,8,64888.0,10885.684127723503,55787.340322970675,73988.65967702933
nwsapi_2_2_26,a819e44a6f756ecc2a3823717244f8ac502aee45,rss,8,198270976.0,1795994.7480826806,196769486.8154658,199772465.1845342
nwsapi_2_2_27,a819e44a6f756ecc2a3823717244f8ac502aee45,runtime_ns,8,61841.125,5570.973406544728,57183.67467828587,66498.57532171413
nwsapi_2_2_27,a819e44a6f756ecc2a3823717244f8ac502aee45,rss,8,198041600.0,1555925.5553840431,196740813.6832006,199342386.3167994
nwsapi_2_2_21,e6962a8979783b6f20c23d37d3a64427626ff293,runtime_ns,8,62669.4375,6664.420885983696,57097.84220877162,68241.03279122838
nwsapi_2_2_21,e6962a8979783b6f20c23d37d3a64427626ff293,rss,8,199569408.0,1602877.0768019434,198229369.2289929,200909446.7710071
nwsapi_2_2_22,e6962a8979783b6f20c23d37d3a64427626ff293,runtime_ns,8,59867.25,4491.645069300493,56112.140749529855,63622.359250470145
nwsapi_2_2_22,e6962a8979783b6f20c23d37d3a64427626ff293,rss,8,198926336.0,1497270.6959073422,197674586.37287837,200178085.62712163
nwsapi_2_2_23,e6962a8979783b6f20c23d37d3a64427626ff293,runtime_ns,8,58840.9375,5311.755644911576,54400.1986502692,63281.6763497308
nwsapi_2_2_23,e6962a8979783b6f20c23d37d3a64427626ff293,rss,8,198180864.0,1790177.6072270435,196684238.06692517,199677489.93307483
nwsapi_2_2_24,e6962a8979783b6f20c23d37d3a64427626ff293,runtime_ns,8,60533.75,5640.874723201814,55817.86071511108,65249.63928488892
nwsapi_2_2_24,e6962a8979783b6f20c23d37d3a64427626ff293,rss,8,198072320.0,1591452.8211015242,196741832.1457725,199402807.8542275
nwsapi_2_2_25,e6962a8979783b6f20c23d37d3a64427626ff293,runtime_ns,8,61648.3125,6429.2707425687095,56273.30764839077,67023.31735160924
nwsapi_2_2_25,e6962a8979783b6f20c23d37d3a64427626ff293,rss,8,198494208.0,1358967.547760957,197358082.69825602,199630333.30174398
nwsapi_2_2_26,e6962a8979783b6f20c23d37d3a64427626ff293,runtime_ns,8,63369.75,6861.32364885127,57633.53987948763,69105.96012051238
nwsapi_2_2_26,e6962a8979783b6f20c23d37d3a64427626ff293,rss,8,198055936.0,1304971.1641924179,196964952.80461165,199146919.19538835
nwsapi_2_2_27,e6962a8979783b6f20c23d37d3a64427626ff293,runtime_ns,8,62632.875,4783.191998700091,58634.02641691489,66631.72358308511
nwsapi_2_2_27,e6962a8979783b6f20c23d37d3a64427626ff293,rss,8,198389760.0,1905174.1039144653,196796994.58978036,199982525.41021964
nwsapi_2_2_21,c5a39b42ce04f04d4e01ecae756bee3fd72a23c0,runtime_ns,0,nan,0,nan,nan
nwsapi_2_2_21,c5a39b42ce04f04d4e01ecae756bee3fd72a23c0,rss,0,nan,0,nan,nan
nwsapi_2_2_22,c5a39b42ce04f04d4e01ecae756bee3fd72a23c0,runtime_ns,0,nan,0,nan,nan
nwsapi_2_2_22,c5a39b42ce04f04d4e01ecae756bee3fd72a23c0,rss,0,nan,0,nan,nan
nwsapi_2_2_23,c5a39b42ce04f04d4e01ecae756bee3fd72a23c0,runtime_ns,0,nan,0,nan,nan
nwsapi_2_2_23,c5a39b42ce04f04d4e01ecae756bee3fd72a23c0,rss,0,nan,0,nan,nan
nwsapi_2_2_24,c5a39b42ce04f04d4e01ecae756bee3fd72a23c0,runtime_ns,0,nan,0,nan,nan
nwsapi_2_2_24,c5a39b42ce04f04d4e01ecae756bee3fd72a23c0,rss,0,nan,0,nan,nan
nwsapi_2_2_25,c5a39b42ce04f04d4e01ecae756bee3fd72a23c0,runtime_ns,0,nan,0,nan,nan
nwsapi_2_2_25,c5a39b42ce04f04d4e01ecae756bee3fd72a23c0,rss,0,nan,0,nan,nan
nwsapi_2_2_26,c5a39b42ce04f04d4e01ecae756bee3fd72a23c0,runtime_ns,0,nan,0,nan,nan
nwsapi_2_2_26,c5a39b42ce04f04d4e01ecae756bee3fd72a23c0,rss,0,nan,0,nan,nan
nwsapi_2_2_27,c5a39b42ce04f04d4e01ecae756bee3fd72a23c0,runtime_ns,0,nan,0,nan,nan
nwsapi_2_2_27,c5a39b42ce04f04d4e01ecae756bee3fd72a23c0,rss,0,nan,0,nan,nan
nwsapi_2_2_21,c8ae4a192d7c165a162f8c15e07f1200498656f8,runtime_ns,0,nan,0,nan,nan
nwsapi_2_2_21,c8ae4a192d7c165a162f8c15e07f1200498656f8,rss,0,nan,0,nan,nan
nwsapi_2_2_22,c8ae4a192d7c165a162f8c15e07f1200498656f8,runtime_ns,0,nan,0,nan,nan
nwsapi_2_2_22,c8ae4a192d7c165a162f8c15e07f1200498656f8,rss,0,nan,0,nan,nan
nwsapi_2_2_23,c8ae4a192d7c165a162f8c15e07f1200498656f8,runtime_ns,0,nan,0,nan,nan
nwsapi_2_2_23,c8ae4a192d7c165a162f8c15e07f1200498656f8,rss,0,nan,0,nan,nan
nwsapi_2_2_24,c8ae4a192d7c165a162f8c15e07f1200498656f8,runtime_ns,0,nan,0,nan,nan
nwsapi_2_2_24,c8ae4a192d7c165a162f8c15e07f1200498656f8,rss,0,nan,0,nan,nan
nwsapi_2_2_25,c8ae4a192d7c165a162f8c15e07f1200498656f8,runtime_ns,0,nan,0,nan,nan
nwsapi_2_2_25,c8ae4a192d7c165a162f8c15e07f1200498656f8,rss,0,nan,0,nan,nan
nwsapi_2_2_26,c8ae4a192d7c165a162f8c15e07f1200498656f8,runtime_ns,0,nan,0,nan,nan
nwsapi_2_2_26,c8ae4a192d7c165a162f8c15e07f1200498656f8,rss,0,nan,0,nan,nan
nwsapi_2_2_27,c8ae4a192d7c165a162f8c15e07f1200498656f8,runtime_ns,0,nan,0,nan,nan
nwsapi_2_2_27,c8ae4a192d7c165a162f8c15e07f1200498656f8,rss,0,nan,0,nan,nan
nwsapi_2_2_21,8ba85f19ea77fbe66088d9103bc67425eeaa5b4c,runtime_ns,0,nan,0,nan,nan
nwsapi_2_2_21,8ba85f19ea77fbe66088d9103bc67425eeaa5b4c,rss,0,nan,0,nan,nan
nwsapi_2_2_22,8ba85f19ea77fbe66088d9103bc67425eeaa5b4c,runtime_ns,0,nan,0,nan,nan
nwsapi_2_2_22,8ba85f19ea77fbe66088d9103bc67425eeaa5b4c,rss,0,nan,0,nan,nan
nwsapi_2_2_23,8ba85f19ea77fbe66088d9103bc67425eeaa5b4c,runtime_ns,0,nan,0,nan,nan
nwsapi_2_2_23,8ba85f19ea77fbe66088d9103bc67425eeaa5b4c,rss,0,nan,0,nan,nan
nwsapi_2_2_24,8ba85f19ea77fbe66088d9103bc67425eeaa5b4c,runtime_ns,0,nan,0,nan,nan
nwsapi_2_2_24,8ba85f19ea77fbe66088d9103bc67425eeaa5b4c,rss,0,nan,0,nan,nan
nwsapi_2_2_25,8ba85f19ea77fbe66088d9103bc67425eeaa5b4c,runtime_ns,0,nan,0,nan,nan
nwsapi_2_2_25,8ba85f19ea77fbe66088d9103bc67425eeaa5b4c,rss,0,nan,0,nan,nan
nwsapi_2_2_26,8ba85f19ea77fbe66088d9103bc67425eeaa5b4c,runtime_ns,0,nan,0,nan,nan
nwsapi_2_2_26,8ba85f19ea77fbe66088d9103bc67425eeaa5b4c,rss,0,nan,0,nan,nan
nwsapi_2_2_27,8ba85f19ea77fbe66088d9103bc67425eeaa5b4c,runtime_ns,0,nan,0,nan,nan
nwsapi_2_2_27,8ba85f19ea77fbe66088d9103bc67425eeaa5b4c,rss,0,nan,0,nan,nan
nwsapi_2_2_21,e10f476f65e49b4fcd63b69e9c5838dbe8ce6564,runtime_ns,0,nan,0,nan,nan
nwsapi_2_2_21,e10f476f65e49b4fcd63b69e9c5838dbe8ce6564,rss,0,nan,0,nan,nan
nwsapi_2_2_22,e10f476f65e49b4fcd63b69e9c5838dbe8ce6564,runtime_ns,0,nan,0,nan,nan
nwsapi_2_2_22,e10f476f65e49b4fcd63b69e9c5838dbe8ce6564,rss,0,nan,0,nan,nan
nwsapi_2_2_23,e10f476f65e49b4fcd63b69e9c5838dbe8ce6564,runtime_ns,0,nan,0,nan,nan
nwsapi_2_2_23,e10f476f65e49b4fcd63b69e9c5838dbe8ce6564,rss,0,nan,0,nan,nan
nwsapi_2_2_24,e10f476f65e49b4fcd63b69e9c5838dbe8ce6564,runtime_ns,0,nan,0,nan,nan
nwsapi_2_2_24,e10f476f65e49b4fcd63b69e9c5838dbe8ce6564,rss,0,nan,0,nan,nan
nwsapi_2_2_25,e10f476f65e49b4fcd63b69e9c5838dbe8ce6564,runtime_ns,0,nan,0,nan,nan
nwsapi_2_2_25,e10f476f65e49b4fcd63b69e9c5838dbe8ce6564,rss,0,nan,0,nan,nan
nwsapi_2_2_26,e10f476f65e49b4fcd63b69e9c5838dbe8ce6564,runtime_ns,0,nan,0,nan,nan
nwsapi_2_2_26,e10f476f65e49b4fcd63b69e9c5838dbe8ce6564,rss,0,nan,0,nan,nan
nwsapi_2_2_27,e10f476f65e49b4fcd63b69e9c5838dbe8ce6564,runtime_ns,0,nan,0,nan,nan
nwsapi_2_2_27,e10f476f65e49b4fcd63b69e9c5838dbe8ce6564,rss,0,nan,0,nan,nan
nwsapi_2_2_21,e37b28183193ec6fc6f20f0de8ef2d1ec2708604,runtime_ns,0,nan,0,nan,nan
nwsapi_2_2_21,e37b28183193ec6fc6f20f0de8ef2d1ec2708604,rss,0,nan,0,nan,nan
nwsapi_2_2_22,e37b28183193ec6fc6f20f0de8ef2d1ec2708604,runtime_ns,0,nan,0,nan,nan
nwsapi_2_2_22,e37b28183193ec6fc6f20f0de8ef2d1ec2708604,rss,0,nan,0,nan,nan
nwsapi_2_2_23,e37b28183193ec6fc6f20f0de8ef2d1ec2708604,runtime_ns,0,nan,0,nan,nan
nwsapi_2_2_23,e37b28183193ec6fc6f20f0de8ef2d1ec2708604,rss,0,nan,0,nan,nan
nwsapi_2_2_24,e37b28183193ec6fc6f20f0de8ef2d1ec2708604,runtime_ns,0,nan,0,nan,nan
nwsapi_2_2_24,e37b28183193ec6fc6f20f0de8ef2d1ec2708604,rss,0,nan,0,nan,nan
nwsapi_2_2_25,e37b28183193ec6fc6f20f0de8ef2d1ec2708604,runtime_ns,0,nan,0,nan,nan
nwsapi_2_2_25,e37b28183193ec6fc6f20f0de8ef2d1ec2708604,rss,0,nan,0,nan,nan
nwsapi_2_2_26,e37b28183193ec6fc6f20f0de8ef2d1ec2708604,runtime_ns,0,nan,0,nan,nan
nwsapi_2_2_26,e37b28183193ec6fc6f20f0de8ef2d1ec2708604,rss,0,nan,0,nan,nan
nwsapi_2_2_27,e37b28183193ec6fc6f20f0de8ef2d1ec2708604,runtime_ns,0,nan,0,nan,nan
nwsapi_2_2_27,e37b28183193ec6fc6f20f0de8ef2d1ec2708604,rss,0,nan,0,nan,nan
nwsapi_2_2_21,9e8f294320d49ab0bdb1bf1d26fa1ef456545178,runtime_ns,5,151858.5,6111.315212374501,144270.2999191196,159446.7000808804
nwsapi_2_2_21,9e8f294320d49ab0bdb1bf1d26fa1ef456545178,rss,5,203787468.8,3578270.851278198,199344458.70814595,208230478.89185408
nwsapi_2_2_22,9e8f294320d49ab0bdb1bf1d26fa1ef456545178,runtime_ns,8,144242.1875,10089.23682494476,135807.37443106927,152677.00056893073
nwsapi_2_2_22,9e8f294320d49ab0bdb1bf1d26fa1ef456545178,rss,8,203321344.0,1677072.102851361,201919276.63493472,204723411.36506528
nwsapi_2_2_23,9e8f294320d49ab0bdb1bf1d26fa1ef456545178,runtime_ns,8,143067.625,12359.723285592949,132734.63774769037,153400.61225230963
nwsapi_2_2_23,9e8f294320d49ab0bdb1bf1d26fa1ef456545178,rss,8,203393024.0,1625297.4599011538,202034241.319651,204751806.680349
nwsapi_2_2_24,9e8f294320d49ab0bdb1bf1d26fa1ef456545178,runtime_ns,8,143020.75,10275.38161613197,134430.31599118435,151611.18400881565
nwsapi_2_2_24,9e8f294320d49ab0bdb1bf1d26fa1ef456545178,rss,8,202909696.0,2215485.4699121816,201057503.7955868,204761888.2044132
nwsapi_2_2_25,9e8f294320d49ab0bdb1bf1d26fa1ef456545178,runtime_ns,4,143656.375,2562.0593726857046,139579.56680773944,147733.18319226056
nwsapi_2_2_25,9e8f294320d49ab0bdb1bf1d26fa1ef456545178,rss,4,202301440.0,2056937.0867838098,199028394.0839819,205574485.9160181
nwsapi_2_2_26,9e8f294320d49ab0bdb1bf1d26fa1ef456545178,runtime_ns,6,147663.41666666666,6817.516501019023,140508.87187491832,154817.961458415
nwsapi_2_2_26,9e8f294320d49ab0bdb1bf1d26fa1ef456545178,rss,6,202700117.33333334,1869971.2199071585,200737702.889583,204662531.7770837
nwsapi_2_2_27,9e8f294320d49ab0bdb1bf1d26fa1ef456545178,runtime_ns,8,144263.0,10060.678399449158,135852.0623722724,152673.9376277276
nwsapi_2_2_27,9e8f294320d49ab0bdb1bf1d26fa1ef456545178,rss,8,202565632.0,1218660.551913804,201546806.28223523,203584457.71776477
nwsapi_2_2_21,f8199de0b57e39dba06e919efed5ad6252d94ef6,runtime_ns,8,5955.6875,641.6755932434128,5419.23327914935,6492.14172085065
nwsapi_2_2_21,f8199de0b57e39dba06e919efed5ad6252d94ef6,rss,8,196851712.0,1374846.4073833327,195702311.6394001,198001112.3605999
nwsapi_2_2_22,f8199de0b57e39dba06e919efed5ad6252d94ef6,runtime_ns,8,5953.125,651.671244351234,5408.3142056979,6497.9357943021
nwsapi_2_2_22,f8199de0b57e39dba06e919efed5ad6252d94ef6,rss,8,197394432.0,1333431.574809682,196279655.30589744,198509208.69410256
nwsapi_2_2_23,f8199de0b57e39dba06e919efed5ad6252d94ef6,runtime_ns,8,5755.1875,521.2793970812855,5319.3870180255235,6190.9879819744765
nwsapi_2_2_23,f8199de0b57e39dba06e919efed5ad6252d94ef6,rss,8,197044224.0,975204.4294379659,196228932.6941239,197859515.3058761
nwsapi_2_2_24,f8199de0b57e39dba06e919efed5ad6252d94ef6,runtime_ns,8,6078.125,458.9690115589816,5694.417303956982,6461.832696043018
nwsapi_2_2_24,f8199de0b57e39dba06e919efed5ad6252d94ef6,rss,8,197232640.0,1125632.6695472195,196291587.53818864,198173692.46181136
nwsapi_2_2_25,f8199de0b57e39dba06e919efed5ad6252d94ef6,runtime_ns,8,6132.9375,473.8489389713622,5736.789873327901,6529.085126672099
nwsapi_2_2_25,f8199de0b57e39dba06e919efed5ad6252d94ef6,rss,8,197939200.0,1368452.8720198693,196795144.76872712,199083255.23127288
nwsapi_2_2_26,f8199de0b57e39dba06e919efed5ad6252d94ef6,runtime_ns,3,6131.833333333333,31.80539786472311,6052.824345060351,6210.842321606315
nwsapi_2_2_26,f8199de0b57e39dba06e919efed5ad6252d94ef6,rss,3,196962986.66666666,864686.1994072377,194814987.06988907,199110986.26344424
nwsapi_2_2_27,f8199de0b57e39dba06e919efed5ad6252d94ef6,runtime_ns,8,6257.75,364.19539496578716,5953.275030247406,6562.224969752594
nwsapi_2_2_27,f8199de0b57e39dba06e919efed5ad6252d94ef6,rss,8,198246400.0,2327351.998949143,196300685.03688177,200192114.96311823
nwsapi_2_2_21,237f4bd770e484645ded3074180c7d927e947413,runtime_ns,8,118153.75,14242.406370213066,106246.80030014961,130060.69969985039
nwsapi_2_2_21,237f4bd770e484645ded3074180c7d927e947413,rss,8,200941568.0,1533983.4442705044,199659125.74715626,202224010.25284374
nwsapi_2_2_22,237f4bd770e484645ded3074180c7d927e947413,runtime_ns,8,113145.75,13199.282426383208,102110.87374104426,124180.62625895574
nwsapi_2_2_22,237f4bd770e484645ded3074180c7d927e947413,rss,8,201902080.0,2989548.514799613,199402754.8954005,204401405.1045995
nwsapi_2_2_23,237f4bd770e484645ded3074180c7d927e947413,runtime_ns,6,106066.0,4739.026788276259,101092.69638996109,111039.30361003891
nwsapi_2_2_23,237f4bd770e484645ded3074180c7d927e947413,rss,6,200518314.66666666,1602374.18611792,198836726.0873052,202199903.24602813
nwsapi_2_2_24,237f4bd770e484645ded3074180c7d927e947413,runtime_ns,0,nan,0,nan,nan
nwsapi_2_2_24,237f4bd770e484645ded3074180c7d927e947413,rss,0,nan,0,nan,nan
nwsapi_2_2_25,237f4bd770e484645ded3074180c7d927e947413,runtime_ns,4,108307.375,3158.6962599306694,103281.18437903508,113333.56562096492
nwsapi_2_2_25,237f4bd770e484645ded3074180c7d927e947413,rss,4,201342976.0,1966671.555450647,198213562.68732476,204472389.31267524
nwsapi_2_2_26,237f4bd770e484645ded3074180c7d927e947413,runtime_ns,8,114625.0625,13877.910643067431,103022.838853888,126227.286146112
nwsapi_2_2_26,237f4bd770e484645ded3074180c7d927e947413,rss,8,199819264.0,1199026.107510353,198816853.08854112,200821674.91145888
nwsapi_2_2_27,237f4bd770e484645ded3074180c7d927e947413,runtime_ns,3,103833.33333333333,1522.3827814755832,100051.52485415047,107615.14181251619
nwsapi_2_2_27,237f4bd770e484645ded3074180c7d927e947413,rss,3,199813802.66666666,1606996.7533275646,195821801.42906532,203805803.904268
nwsapi_2_2_21,8050416247fc4ed7c661841b84f63b67c9edd246,runtime_ns,3,42576.5,747.9704205381387,40718.43847106746,44434.56152893254
nwsapi_2_2_21,8050416247fc4ed7c661841b84f63b67c9edd246,rss,3,197416277.33333334,1233632.8783513082,194351763.37776574,200480791.28890094
nwsapi_2_2_22,8050416247fc4ed7c661841b84f63b67c9edd246,runtime_ns,5,40566.6,1474.0601412425478,38736.31259143197,42396.88740856803
nwsapi_2_2_22,8050416247fc4ed7c661841b84f63b67c9edd246,rss,5,196657152.0,470451.9459753568,196073008.7557975,197241295.2442025
nwsapi_2_2_23,8050416247fc4ed7c661841b84f63b67c9edd246,runtime_ns,8,41523.375,2548.9295337174667,39392.416582052334,43654.333417947666
nwsapi_2_2_23,8050416247fc4ed7c661841b84f63b67c9edd246,rss,8,197505024.0,1136391.4188925272,196554976.99864537,198455071.00135463
nwsapi_2_2_24,8050416247fc4ed7c661841b84f63b67c9edd246,runtime_ns,6,40576.5,1762.916901047806,38726.43217386545,42426.56782613455
nwsapi_2_2_24,8050416247fc4ed7c661841b84f63b67c9edd246,rss,6,196556117.33333334,803679.3181230102,195712707.61384776,197399527.05281892
nwsapi_2_2_25,8050416247fc4ed7c661841b84f63b67c9edd246,runtime_ns,8,42052.1875,2874.274677915655,39649.233734752015,44455.141265247985
nwsapi_2_2_25,8050416247fc4ed7c661841b84f63b67c9edd246,rss,8,197703680.0,1070273.7935249493,196808908.71674114,198598451.28325886
nwsapi_2_2_26,8050416247fc4ed7c661841b84f63b67c9edd246,runtime_ns,6,41920.166666666664,1758.3431879660657,40074.89865804675,43765.434675286575
nwsapi_2_2_26,8050416247fc4ed7c661841b84f63b67c9edd246,rss,6,197279744.0,1135920.5737642047,196087668.46580076,198471819.53419924
nwsapi_2_2_27,8050416247fc4ed7c661841b84f63b67c9edd246,runtime_ns,8,41627.625,2336.2527650369634,39674.46881021384,43580.78118978616
nwsapi_2_2_27,8050416247fc4ed7c661841b84f63b67c9edd246,rss,8,197052416.0,1341215.0808167516,195931132.13203192,198173699.86796808
nwsapi_2_2_21,5879d34d34c098bf6c83dcd281ea2a8e276abbe8,runtime_ns,8,57921.875,5150.219674579772,53616.18360106235,62227.56639893765
nwsapi_2_2_21,5879d34d34c098bf6c83dcd281ea2a8e276abbe8,rss,8,196919296.0,1038359.3708274332,196051205.841818,197787386.158182
nwsapi_2_2_22,5879d34d34c098bf6c83dcd281ea2a8e276abbe8,runtime_ns,8,56533.875,3240.4564686167287,53824.78559660608,59242.96440339392
nwsapi_2_2_22,5879d34d34c098bf6c83dcd281ea2a8e276abbe8,rss,8,197779456.0,1712444.3398804446,196347816.70473358,199211095.29526642
nwsapi_2_2_23,5879d34d34c098bf6c83dcd281ea2a8e276abbe8,runtime_ns,8,63375.0,8188.657351134294,56529.1111343948,70220.8888656052
nwsapi_2_2_23,5879d34d34c098bf6c83dcd281ea2a8e276abbe8,rss,8,198266880.0,1077640.6193807973,197365949.89619964,199167810.10380036
nwsapi_2_2_24,5879d34d34c098bf6c83dcd281ea2a8e276abbe8,runtime_ns,8,59278.6875,3996.446394141926,55937.57470232573,62619.80029767427
nwsapi_2_2_24,5879d34d34c098bf6c83dcd281ea2a8e276abbe8,rss,8,198506496.0,1897281.2979491018,196920329.14069778,200092662.85930222
nwsapi_2_2_25,5879d34d34c098bf6c83dcd281ea2a8e276abbe8,runtime_ns,8,60554.8125,4555.855352788948,56746.02210914973,64363.60289085027
nwsapi_2_2_25,5879d34d34c098bf6c83dcd281ea2a8e276abbe8,rss,8,198047744.0,1903073.3120243761,196456734.89575246,199638753.10424754
nwsapi_2_2_26,5879d34d34c098bf6c83dcd281ea2a8e276abbe8,runtime_ns,3,59861.166666666664,981.8498272818167,57422.11648344035,62300.216849892975
nwsapi_2_2_26,5879d34d34c098bf6c83dcd281ea2a8e276abbe8,rss,3,199595349.33333334,3244294.0230881255,191536076.20257393,207654622.46409276
nwsapi_2_2_27,5879d34d34c098bf6c83dcd281ea2a8e276abbe8,runtime_ns,8,60765.75,4686.286170458285,56847.916716752894,64683.583283247106
nwsapi_2_2_27,5879d34d34c098bf6c83dcd281ea2a8e276abbe8,rss,8,198656000.0,1575884.3381488558,197338527.72323897,199973472.27676103
nwsapi_2_2_21,638469d4f6005fce180f682bd80f15805b92c454,runtime_ns,8,60632.8125,9276.472963276121,52877.4870237688,68388.1379762312
nwsapi_2_2_21,638469d4f6005fce180f682bd80f15805b92c454,rss,8,198432768.0,2253907.2437408394,196548454.3888199,200317081.6111801
nwsapi_2_2_22,638469d4f6005fce180f682bd80f15805b92c454,runtime_ns,8,55260.4375,5057.403769563279,51032.342139516135,59488.532860483865
nwsapi_2_2_22,638469d4f6005fce180f682bd80f15805b92c454,rss,8,198178816.0,1164019.907317249,197205671.0042893,199151960.9957107
nwsapi_2_2_23,638469d4f6005fce180f682bd80f15805b92c454,runtime_ns,6,61343.666666666664,2679.125392113379,58532.09699643258,64155.23633690075
nwsapi_2_2_23,638469d4f6005fce180f682bd80f15805b92c454,rss,6,199417856.0,1195324.8101044334,198163439.5430245,200672272.4569755
nwsapi_2_2_24,638469d4f6005fce180f682bd80f15805b92c454,runtime_ns,8,62317.8125,7549.638420563597,56006.156829669344,68629.46817033066
nwsapi_2_2_24,638469d4f6005fce180f682bd80f15805b92c454,rss,8,198514688.0,2683604.853879732,196271138.1967695,200758237.8032305
nwsapi_2_2_25,638469d4f6005fce180f682bd80f15805b92c454,runtime_ns,5,58754.0,1905.5082983288212,56387.99894768659,61120.00105231341
nwsapi_2_2_25,638469d4f6005fce180f682bd80f15805b92c454,rss,5,198842777.6,1189764.9726415717,197365489.26714706,200320065.93285292
nwsapi_2_2_26,638469d4f6005fce180f682bd80f15805b92c454,runtime_ns,8,61723.9375,5400.559253034422,57208.9569759623,66238.9180240377
nwsapi_2_2_26,638469d4f6005fce180f682bd80f15805b92c454,rss,8,198184960.0,1820104.7048060568,196663314.38722548,199706605.61277452
nwsapi_2_2_27,638469d4f6005fce180f682bd80f15805b92c454,runtime_ns,3,57069.166666666664,1144.9214310743482,54225.02416274372,59913.30917058961
nwsapi_2_2_27,638469d4f6005fce180f682bd80f15805b92c454,rss,3,197640192.0,1094053.7913210667,194922411.7182959,200357972.2817041
nwsapi_2_2_21,a1b2cabf4f4a2db6c611183c6a4b5ab86f3d6cf4,runtime_ns,6,155763.91666666666,6770.231690397801,148658.99424040996,162868.83909292336
nwsapi_2_2_21,a1b2cabf4f4a2db6c611183c6a4b5ab86f3d6cf4,rss,6,202424320.0,2302940.0754868113,200007532.60823938,204841107.39176062
nwsapi_2_2_22,a1b2cabf4f4a2db6c611183c6a4b5ab86f3d6cf4,runtime_ns,4,136760.25,2776.357490790166,132342.44568064404,141178.05431935596
nwsapi_2_2_22,a1b2cabf4f4a2db6c611183c6a4b5ab86f3d6cf4,rss,4,201719808.0,1291948.7859075528,199664029.17983636,203775586.82016364
nwsapi_2_2_23,a1b2cabf4f4a2db6c611183c6a4b5ab86f3d6cf4,runtime_ns,8,141461.125,8094.034808557649,134694.34255964667,148227.90744035333
nwsapi_2_2_23,a1b2cabf4f4a2db6c611183c6a4b5ab86f3d6cf4,rss,8,203259904.0,1491085.456397836,202013325.36251363,204506482.63748637
nwsapi_2_2_24,a1b2cabf4f4a2db6c611183c6a4b5ab86f3d6cf4,runtime_ns,7,142627.92857142858,7145.434302339335,136019.50403702413,149236.35310583303
nwsapi_2_2_24,a1b2cabf4f4a2db6c611183c6a4b5ab86f3d6cf4,rss,7,202597522.2857143,1447980.347135245,201258363.81801817,203936680.75341043
nwsapi_2_2_25,a1b2cabf4f4a2db6c611183c6a4b5ab86f3d6cf4,runtime_ns,8,145708.25,10341.276137056642,137062.72679307056,154353.77320692944
nwsapi_2_2_25,a1b2cabf4f4a2db6c611183c6a4b5ab86f3d6cf4,rss,8,202641408.0,965197.0006418378,201834483.11396918,203448332.88603082
nwsapi_2_2_26,a1b2cabf4f4a2db6c611183c6a4b5ab86f3d6cf4,runtime_ns,4,141567.625,3518.0159269821393,135969.67660562322,147165.57339437678
nwsapi_2_2_26,a1b2cabf4f4a2db6c611183c6a4b5ab86f3d6cf4,rss,4,203239424.0,1921584.3162945865,200181754.54615858,206297093.45384142
nwsapi_2_2_27,a1b2cabf4f4a2db6c611183c6a4b5ab86f3d6cf4,runtime_ns,4,139849.0,3648.5239709595808,134043.3841844403,145654.6158155597
nwsapi_2_2_27,a1b2cabf4f4a2db6c611183c6a4b5ab86f3d6cf4,rss,4,202063872.0,2081133.4902102428,198752324.2066391,205375419.7933609
nwsapi_2_2_21,17c99ca3c4230c4abfed716a1af04da46db519a4,runtime_ns,5,317712.3,12545.64487481612,302134.82442469127,333289.7755753087
nwsapi_2_2_21,17c99ca3c4230c4abfed716a1af04da46db519a4,rss,5,203761254.4,1142518.2429339148,202342630.63045794,205179878.16954207
nwsapi_2_2_22,17c99ca3c4230c4abfed716a1af04da46db519a4,runtime_ns,8,316393.1875,22296.442334624822,297752.8952303432,335033.4797696568
nwsapi_2_2_22,17c99ca3c4230c4abfed716a1af04da46db519a4,rss,8,203366400.0,1564258.3626776163,202058647.28196728,204674152.71803272
nwsapi_2_2_23,17c99ca3c4230c4abfed716a1af04da46db519a4,runtime_ns,4,312130.375,7652.675473050803,299953.2606076271,324307.4893923729
nwsapi_2_2_23,17c99ca3c4230c4abfed716a1af04da46db519a4,rss,4,202842112.0,1555157.2203718396,200367509.82494617,205316714.17505383
nwsapi_2_2_24,17c99ca3c4230c4abfed716a1af04da46db519a4,runtime_ns,3,319416.8333333333,4684.436047523046,307780.04908939864,331053.617577268
nwsapi_2_2_24,17c99ca3c4230c4abfed716a1af04da46db519a4,rss,3,203931648.0,853384.6683225567,201811722.9627904,206051573.0372096
nwsapi_2_2_25,17c99ca3c4230c4abfed716a1af04da46db519a4,runtime_ns,4,317739.625,9260.88111696182,303003.4965528266,332475.7534471734
nwsapi_2_2_25,17c99ca3c4230c4abfed716a1af04da46db519a4,rss,4,204521472.0,2418513.714296448,200673076.98282966,208369867.01717034
nwsapi_2_2_26,17c99ca3c4230c4abfed716a1af04da46db519a4,runtime_ns,6,330350.5833333333,14514.195659479952,315118.8691238515,345582.29754281515
nwsapi_2_2_26,17c99ca3c4230c4abfed716a1af04da46db519a4,rss,6,204931072.0,1791753.5208776903,203050741.99728185,206811402.00271815
nwsapi_2_2_27,17c99ca3c4230c4abfed716a1af04da46db519a4,runtime_ns,4,313713.625,8288.608371081762,300524.59945675364,326902.65054324636
nwsapi_2_2_27,17c99ca3c4230c4abfed716a1af04da46db519a4,rss,4,202567680.0,1890980.2589542458,199558708.4307633,205576651.5692367
nwsapi_2_2_21,cac1209ffb92430136cc10b44ea81d9053475634,runtime_ns,8,24104.125,1652.1877217365898,22722.861498168484,25485.388501831516
nwsapi_2_2_21,cac1209ffb92430136cc10b44ea81d9053475634,rss,8,197347328.0,1109643.475708173,196419642.83875805,198275013.16124195
nwsapi_2_2_22,cac1209ffb92430136cc10b44ea81d9053475634,runtime_ns,8,22716.125,1687.7334282996235,21305.144543807677,24127.105456192323
nwsapi_2_2_22,cac1209ffb92430136cc10b44ea81d9053475634,rss,8,196943872.0,1792168.680387615,195445581.48810643,198442162.51189357
nwsapi_2_2_23,cac1209ffb92430136cc10b44ea81d9053475634,runtime_ns,8,24182.25,2510.2072054485293,22083.664258619378,26280.835741380622
nwsapi_2_2_23,cac1209ffb92430136cc10b44ea81d9053475634,rss,8,197453824.0,1659422.432656099,196066512.12847784,198841135.87152216
nwsapi_2_2_24,cac1209ffb92430136cc10b44ea81d9053475634,runtime_ns,7,23077.35714285714,1077.6475039905872,22080.699430605895,24074.014855108388
nwsapi_2_2_24,cac1209ffb92430136cc10b44ea81d9053475634,rss,7,197310171.42857143,929779.5409276433,196450268.7732714,198170074.08387145
nwsapi_2_2_25,cac1209ffb92430136cc10b44ea81d9053475634,runtime_ns,8,24299.3125,2626.417276409335,22103.572707992073,26495.052292007927
nwsapi_2_2_25,cac1209ffb92430136cc10b44ea81d9053475634,rss,8,197634048.0,1177921.784606868,196649280.74402526,198618815.25597474
nwsapi_2_2_26,cac1209ffb92430136cc10b44ea81d9053475634,runtime_ns,5,23329.1,754.6345473141288,22392.09745079925,24266.102549200747
nwsapi_2_2_26,cac1209ffb92430136cc10b44ea81d9053475634,rss,5,197823692.8,1070077.1582737386,196495016.5172713,199152369.0827287
nwsapi_2_2_27,cac1209ffb92430136cc10b44ea81d9053475634,runtime_ns,8,24856.6875,1840.723827688833,23317.80386910981,26395.57113089019
nwsapi_2_2_27,cac1209ffb92430136cc10b44ea81d9053475634,rss,8,197154816.0,1084316.6068034347,196248304.6310418,198061327.3689582
nwsapi_2_2_21,d476ecc318d079194287aa9eb001a556b3177765,runtime_ns,0,nan,0,nan,nan
nwsapi_2_2_21,d476ecc318d079194287aa9eb001a556b3177765,rss,0,nan,0,nan,nan
nwsapi_2_2_22,d476ecc318d079194287aa9eb001a556b3177765,runtime_ns,0,nan,0,nan,nan
nwsapi_2_2_22,d476ecc318d079194287aa9eb001a556b3177765,rss,0,nan,0,nan,nan
nwsapi_2_2_23,d476ecc318d079194287aa9eb001a556b3177765,runtime_ns,0,nan,0,nan,nan
nwsapi_2_2_23,d476ecc318d079194287aa9eb001a556b3177765,rss,0,nan,0,nan,nan
nwsapi_2_2_24,d476ecc318d079194287aa9eb001a556b3177765,runtime_ns,0,nan,0,nan,nan
nwsapi_2_2_24,d476ecc318d079194287aa9eb001a556b3177765,rss,0,nan,0,nan,nan
nwsapi_2_2_25,d476ecc318d079194287aa9eb001a556b3177765,runtime_ns,0,nan,0,nan,nan
nwsapi_2_2_25,d476ecc318d079194287aa9eb001a556b3177765,rss,0,nan,0,nan,nan
nwsapi_2_2_26,d476ecc318d079194287aa9eb001a556b3177765,runtime_ns,0,nan,0,nan,nan
nwsapi_2_2_26,d476ecc318d079194287aa9eb001a556b3177765,rss,0,nan,0,nan,nan
nwsapi_2_2_27,d476ecc318d079194287aa9eb001a556b3177765,runtime_ns,0,nan,0,nan,nan
nwsapi_2_2_27,d476ecc318d079194287aa9eb001a556b3177765,rss,0,nan,0,nan,nan
nwsapi_2_2_21,3b776bb418ab0e98732375b69aefc2f98aa94098,runtime_ns,0,nan,0,nan,nan
nwsapi_2_2_21,3b776bb418ab0e98732375b69aefc2f98aa94098,rss,0,nan,0,nan,nan
nwsapi_2_2_22,3b776bb418ab0e98732375b69aefc2f98aa94098,runtime_ns,0,nan,0,nan,nan
nwsapi_2_2_22,3b776bb418ab0e98732375b69aefc2f98aa94098,rss,0,nan,0,nan,nan
nwsapi_2_2_23,3b776bb418ab0e98732375b69aefc2f98aa94098,runtime_ns,0,nan,0,nan,nan
nwsapi_2_2_23,3b776bb418ab0e98732375b69aefc2f98aa94098,rss,0,nan,0,nan,nan
nwsapi_2_2_24,3b776bb418ab0e98732375b69aefc2f98aa94098,runtime_ns,0,nan,0,nan,nan
nwsapi_2_2_24,3b776bb418ab0e98732375b69aefc2f98aa94098,rss,0,nan,0,nan,nan
nwsapi_2_2_25,3b776bb418ab0e98732375b69aefc2f98aa94098,runtime_ns,0,nan,0,nan,nan
nwsapi_2_2_25,3b776bb418ab0e98732375b69aefc2f98aa94098,rss,0,nan,0,nan,nan
nwsapi_2_2_26,3b776bb418ab0e98732375b69aefc2f98aa94098,runtime_ns,0,nan,0,nan,nan
nwsapi_2_2_26,3b776bb418ab0e98732375b69aefc2f98aa94098,rss,0,nan,0,nan,nan
nwsapi_2_2_27,3b776bb418ab0e98732375b69aefc2f98aa94098,runtime_ns,0,nan,0,nan,nan
nwsapi_2_2_27,3b776bb418ab0e98732375b69aefc2f98aa94098,rss,0,nan,0,nan,nan
nwsapi_2_2_21,3b4dc764e6adea4fe17649e7e0429f014d00b568,runtime_ns,0,nan,0,nan,nan
nwsapi_2_2_21,3b4dc764e6adea4fe17649e7e0429f014d00b568,rss,0,nan,0,nan,nan
nwsapi_2_2_22,3b4dc764e6adea4fe17649e7e0429f014d00b568,runtime_ns,0,nan,0,nan,nan
nwsapi_2_2_22,3b4dc764e6adea4fe17649e7e0429f014d00b568,rss,0,nan,0,nan,nan
nwsapi_2_2_23,3b4dc764e6adea4fe17649e7e0429f014d00b568,runtime_ns,0,nan,0,nan,nan
nwsapi_2_2_23,3b4dc764e6adea4fe17649e7e0429f014d00b568,rss,0,nan,0,nan,nan
nwsapi_2_2_24,3b4dc764e6adea4fe17649e7e0429f014d00b568,runtime_ns,0,nan,0,nan,nan
nwsapi_2_2_24,3b4dc764e6adea4fe17649e7e0429f014d00b568,rss,0,nan,0,nan,nan
nwsapi_2_2_25,3b4dc764e6adea4fe17649e7e0429f014d00b568,runtime_ns,0,nan,0,nan,nan
nwsapi_2_2_25,3b4dc764e6adea4fe17649e7e0429f014d00b568,rss,0,nan,0,nan,nan
nwsapi_2_2_26,3b4dc764e6adea4fe17649e7e0429f014d00b568,runtime_ns,0,nan,0,nan,nan
nwsapi_2_2_26,3b4dc764e6adea4fe17649e7e0429f014d00b568,rss,0,nan,0,nan,nan
nwsapi_2_2_27,3b4dc764e6adea4fe17649e7e0429f014d00b568,runtime_ns,0,nan,0,nan,nan
nwsapi_2_2_27,3b4dc764e6adea4fe17649e7e0429f014d00b568,rss,0,nan,0,nan,nan
nwsapi_2_2_21,9fab0c5386f6e805116a654d8ee249d1597fb2e7,runtime_ns,0,nan,0,nan,nan
nwsapi_2_2_21,9fab0c5386f6e805116a654d8ee249d1597fb2e7,rss,0,nan,0,nan,nan
nwsapi_2_2_22,9fab0c5386f6e805116a654d8ee249d1597fb2e7,runtime_ns,0,nan,0,nan,nan
nwsapi_2_2_22,9fab0c5386f6e805116a654d8ee249d1597fb2e7,rss,0,nan,0,nan,nan
nwsapi_2_2_23,9fab0c5386f6e805116a654d8ee249d1597fb2e7,runtime_ns,0,nan,0,nan,nan
nwsapi_2_2_23,9fab0c5386f6e805116a654d8ee249d1597fb2e7,rss,0,nan,0,nan,nan
nwsapi_2_2_24,9fab0c5386f6e805116a654d8ee249d1597fb2e7,runtime_ns,0,nan,0,nan,nan
nwsapi_2_2_24,9fab0c5386f6e805116a654d8ee249d1597fb2e7,rss,0,nan,0,nan,nan
nwsapi_2_2_25,9fab0c5386f6e805116a654d8ee249d1597fb2e7,runtime_ns,0,nan,0,nan,nan
nwsapi_2_2_25,9fab0c5386f6e805116a654d8ee249d1597fb2e7,rss,0,nan,0,nan,nan
nwsapi_2_2_26,9fab0c5386f6e805116a654d8ee249d1597fb2e7,runtime_ns,0,nan,0,nan,nan
nwsapi_2_2_26,9fab0c5386f6e805116a654d8ee249d1597fb2e7,rss,0,nan,0,nan,nan
nwsapi_2_2_27,9fab0c5386f6e805116a654d8ee249d1597fb2e7,runtime_ns,0,nan,0,nan,nan
nwsapi_2_2_27,9fab0c5386f6e805116a654d8ee249d1597fb2e7,rss,0,nan,0,nan,nan
nwsapi_2_2_21,3c9871f033b0df8f75ad8309f2d2d0b725ccbc41,runtime_ns,0,nan,0,nan,nan
nwsapi_2_2_21,3c9871f033b0df8f75ad8309f2d2d0b725ccbc41,rss,0,nan,0,nan,nan
nwsapi_2_2_22,3c9871f033b0df8f75ad8309f2d2d0b725ccbc41,runtime_ns,0,nan,0,nan,nan
nwsapi_2_2_22,3c9871f033b0df8f75ad8309f2d2d0b725ccbc41,rss,0,nan,0,nan,nan
nwsapi_2_2_23,3c9871f033b0df8f75ad8309f2d2d0b725ccbc41,runtime_ns,0,nan,0,nan,nan
nwsapi_2_2_23,3c9871f033b0df8f75ad8309f2d2d0b725ccbc41,rss,0,nan,0,nan,nan
nwsapi_2_2_24,3c9871f033b0df8f75ad8309f2d2d0b725ccbc41,runtime_ns,0,nan,0,nan,nan
nwsapi_2_2_24,3c9871f033b0df8f75ad8309f2d2d0b725ccbc41,rss,0,nan,0,nan,nan
nwsapi_2_2_25,3c9871f033b0df8f75ad8309f2d2d0b725ccbc41,runtime_ns,0,nan,0,nan,nan
nwsapi_2_2_25,3c9871f033b0df8f75ad8309f2d2d0b725ccbc41,rss,0,nan,0,nan,nan
nwsapi_2_2_26,3c9871f033b0df8f75ad8309f2d2d0b725ccbc41,runtime_ns,0,nan,0,nan,nan
nwsapi_2_2_26,3c9871f033b0df8f75ad8309f2d2d0b725ccbc41,rss,0,nan,0,nan,nan
nwsapi_2_2_27,3c9871f033b0df8f75ad8309f2d2d0b725ccbc41,runtime_ns,0,nan,0,nan,nan
nwsapi_2_2_27,3c9871f033b0df8f75ad8309f2d2d0b725ccbc41,rss,0,nan,0,nan,nan
nwsapi_2_2_21,89eaff21ecffaf303ff0458bb79835017d4ea859,runtime_ns,0,nan,0,nan,nan
nwsapi_2_2_21,89eaff21ecffaf303ff0458bb79835017d4ea859,rss,0,nan,0,nan,nan
nwsapi_2_2_22,89eaff21ecffaf303ff0458bb79835017d4ea859,runtime_ns,0,nan,0,nan,nan
nwsapi_2_2_22,89eaff21ecffaf303ff0458bb79835017d4ea859,rss,0,nan,0,nan,nan
nwsapi_2_2_23,89eaff21ecffaf303ff0458bb79835017d4ea859,runtime_ns,0,nan,0,nan,nan
nwsapi_2_2_23,89eaff21ecffaf303ff0458bb79835017d4ea859,rss,0,nan,0,nan,nan
nwsapi_2_2_24,89eaff21ecffaf303ff0458bb79835017d4ea859,runtime_ns,0,nan,0,nan,nan
nwsapi_2_2_24,89eaff21ecffaf303ff0458bb79835017d4ea859,rss,0,nan,0,nan,nan
nwsapi_2_2_25,89eaff21ecffaf303ff0458bb79835017d4ea859,runtime_ns,0,nan,0,nan,nan
nwsapi_2_2_25,89eaff21ecffaf303ff0458bb79835017d4ea859,rss,0,nan,0,nan,nan
nwsapi_2_2_26,89eaff21ecffaf303ff0458bb79835017d4ea859,runtime_ns,0,nan,0,nan,nan
nwsapi_2_2_26,89eaff21ecffaf303ff0458bb79835017d4ea859,rss,0,nan,0,nan,nan
nwsapi_2_2_27,89eaff21ecffaf303ff0458bb79835017d4ea859,runtime_ns,0,nan,0,nan,nan
nwsapi_2_2_27,89eaff21ecffaf303ff0458bb79835017d4ea859,rss,0,nan,0,nan,nan
nwsapi_2_2_21,4a25e4d2b5c0cbd2fbf15c87f0bd6632b797f89a,runtime_ns,0,nan,0,nan,nan
nwsapi_2_2_21,4a25e4d2b5c0cbd2fbf15c87f0bd6632b797f89a,rss,0,nan,0,nan,nan
nwsapi_2_2_22,4a25e4d2b5c0cbd2fbf15c87f0bd6632b797f89a,runtime_ns,0,nan,0,nan,nan
nwsapi_2_2_22,4a25e4d2b5c0cbd2fbf15c87f0bd6632b797f89a,rss,0,nan,0,nan,nan
nwsapi_2_2_23,4a25e4d2b5c0cbd2fbf15c87f0bd6632b797f89a,runtime_ns,0,nan,0,nan,nan
nwsapi_2_2_23,4a25e4d2b5c0cbd2fbf15c87f0bd6632b797f89a,rss,0,nan,0,nan,nan
nwsapi_2_2_24,4a25e4d2b5c0cbd2fbf15c87f0bd6632b797f89a,runtime_ns,0,nan,0,nan,nan
nwsapi_2_2_24,4a25e4d2b5c0cbd2fbf15c87f0bd6632b797f89a,rss,0,nan,0,nan,nan
nwsapi_2_2_25,4a25e4d2b5c0cbd2fbf15c87f0bd6632b797f89a,runtime_ns,0,nan,0,nan,nan
nwsapi_2_2_25,4a25e4d2b5c0cbd2fbf15c87f0bd6632b797f89a,rss,0,nan,0,nan,nan
nwsapi_2_2_26,4a25e4d2b5c0cbd2fbf15c87f0bd6632b797f89a,runtime_ns,0,nan,0,nan,nan
nwsapi_2_2_26,4a25e4d2b5c0cbd2fbf15c87f0bd6632b797f89a,rss,0,nan,0,nan,nan
nwsapi_2_2_27,4a25e4d2b5c0cbd2fbf15c87f0bd6632b797f89a,runtime_ns,0,nan,0,nan,nan
nwsapi_2_2_27,4a25e4d2b5c0cbd2fbf15c87f0bd6632b797f89a,rss,0,nan,0,nan,nan
nwsapi_2_2_21,3138078b908769884ef6c05ca3685735bd2c2ab8,runtime_ns,0,nan,0,nan,nan
nwsapi_2_2_21,3138078b908769884ef6c05ca3685735bd2c2ab8,rss,0,nan,0,nan,nan
nwsapi_2_2_22,3138078b908769884ef6c05ca3685735bd2c2ab8,runtime_ns,0,nan,0,nan,nan
nwsapi_2_2_22,3138078b908769884ef6c05ca3685735bd2c2ab8,rss,0,nan,0,nan,nan
nwsapi_2_2_23,3138078b908769884ef6c05ca3685735bd2c2ab8,runtime_ns,0,nan,0,nan,nan
nwsapi_2_2_23,3138078b908769884ef6c05ca3685735bd2c2ab8,rss,0,nan,0,nan,nan
nwsapi_2_2_24,3138078b908769884ef6c05ca3685735bd2c2ab8,runtime_ns,0,nan,0,nan,nan
nwsapi_2_2_24,3138078b908769884ef6c05ca3685735bd2c2ab8,rss,0,nan,0,nan,nan
nwsapi_2_2_25,3138078b908769884ef6c05ca3685735bd2c2ab8,runtime_ns,0,nan,0,nan,nan
nwsapi_2_2_25,3138078b908769884ef6c05ca3685735bd2c2ab8,rss,0,nan,0,nan,nan
nwsapi_2_2_26,3138078b908769884ef6c05ca3685735bd2c2ab8,runtime_ns,0,nan,0,nan,nan
nwsapi_2_2_26,3138078b908769884ef6c05ca3685735bd2c2ab8,rss,0,nan,0,nan,nan
nwsapi_2_2_27,3138078b908769884ef6c05ca3685735bd2c2ab8,runtime_ns,0,nan,0,nan,nan
nwsapi_2_2_27,3138078b908769884ef6c05ca3685735bd2c2ab8,rss,0,nan,0,nan,nan
nwsapi_2_2_21,abed46dc0cc6125029e391adb9fb515b34916eb3,runtime_ns,0,nan,0,nan,nan
nwsapi_2_2_21,abed46dc0cc6125029e391adb9fb515b34916eb3,rss,0,nan,0,nan,nan
nwsapi_2_2_22,abed46dc0cc6125029e391adb9fb515b34916eb3,runtime_ns,0,nan,0,nan,nan
nwsapi_2_2_22,abed46dc0cc6125029e391adb9fb515b34916eb3,rss,0,nan,0,nan,nan
nwsapi_2_2_23,abed46dc0cc6125029e391adb9fb515b34916eb3,runtime_ns,0,nan,0,nan,nan
nwsapi_2_2_23,abed46dc0cc6125029e391adb9fb515b34916eb3,rss,0,nan,0,nan,nan
nwsapi_2_2_24,abed46dc0cc6125029e391adb9fb515b34916eb3,runtime_ns,0,nan,0,nan,nan
nwsapi_2_2_24,abed46dc0cc6125029e391adb9fb515b34916eb3,rss,0,nan,0,nan,nan
nwsapi_2_2_25,abed46dc0cc6125029e391adb9fb515b34916eb3,runtime_ns,0,nan,0,nan,nan
nwsapi_2_2_25,abed46dc0cc6125029e391adb9fb515b34916eb3,rss,0,nan,0,nan,nan
nwsapi_2_2_26,abed46dc0cc6125029e391adb9fb515b34916eb3,runtime_ns,0,nan,0,nan,nan
nwsapi_2_2_26,abed46dc0cc6125029e391adb9fb515b34916eb3,rss,0,nan,0,nan,nan
nwsapi_2_2_27,abed46dc0cc6125029e391adb9fb515b34916eb3,runtime_ns,0,nan,0,nan,nan
nwsapi_2_2_27,abed46dc0cc6125029e391adb9fb515b34916eb3,rss,0,nan,0,nan,nan
nwsapi_2_2_21,249d2cb8a99e2599f2d841081b572582025628cb,runtime_ns,0,nan,0,nan,nan
nwsapi_2_2_21,249d2cb8a99e2599f2d841081b572582025628cb,rss,0,nan,0,nan,nan
nwsapi_2_2_22,249d2cb8a99e2599f2d841081b572582025628cb,runtime_ns,0,nan,0,nan,nan
nwsapi_2_2_22,249d2cb8a99e2599f2d841081b572582025628cb,rss,0,nan,0,nan,nan
nwsapi_2_2_23,249d2cb8a99e2599f2d841081b572582025628cb,runtime_ns,0,nan,0,nan,nan
nwsapi_2_2_23,249d2cb8a99e2599f2d841081b572582025628cb,rss,0,nan,0,nan,nan
nwsapi_2_2_24,249d2cb8a99e2599f2d841081b572582025628cb,runtime_ns,0,nan,0,nan,nan
nwsapi_2_2_24,249d2cb8a99e2599f2d841081b572582025628cb,rss,0,nan,0,nan,nan
nwsapi_2_2_25,249d2cb8a99e2599f2d841081b572582025628cb,runtime_ns,0,nan,0,nan,nan
nwsapi_2_2_25,249d2cb8a99e2599f2d841081b572582025628cb,rss,0,nan,0,nan,nan
nwsapi_2_2_26,249d2cb8a99e2599f2d841081b572582025628cb,runtime_ns,0,nan,0,nan,nan
nwsapi_2_2_26,249d2cb8a99e2599f2d841081b572582025628cb,rss,0,nan,0,nan,nan
nwsapi_2_2_27,249d2cb8a99e2599f2d841081b572582025628cb,runtime_ns,0,nan,0,nan,nan
nwsapi_2_2_27,249d2cb8a99e2599f2d841081b572582025628cb,rss,0,nan,0,nan,nan
nwsapi_2_2_21,6ce7a0d47b9a6b46e09ebdf84ae8c76c767cffd5,runtime_ns,6,123090.16666666667,5435.591013557465,117385.86373314113,128794.46960019221
nwsapi_2_2_21,6ce7a0d47b9a6b46e09ebdf84ae8c76c767cffd5,rss,6,201269248.0,2352362.433941845,198800595.02386898,203737900.97613102
nwsapi_2_2_22,6ce7a0d47b9a6b46e09ebdf84ae8c76c767cffd5,runtime_ns,8,127252.75,8135.769175156616,120451.07675601897,134054.42324398103
nwsapi_2_2_22,6ce7a0d47b9a6b46e09ebdf84ae8c76c767cffd5,rss,8,200996864.0,2164326.444295447,199187441.81133255,202806286.18866745
nwsapi_2_2_23,6ce7a0d47b9a6b46e09ebdf84ae8c76c767cffd5,runtime_ns,5,128083.4,3847.6695284288644,123305.88726956422,132860.91273043578
nwsapi_2_2_23,6ce7a0d47b9a6b46e09ebdf84ae8c76c767cffd5,rss,5,201654272.0,2011699.0169148068,199156417.75547498,204152126.24452502
nwsapi_2_2_24,6ce7a0d47b9a6b46e09ebdf84ae8c76c767cffd5,runtime_ns,5,127816.8,4307.104561071161,122468.82333001871,133164.77666998128
nwsapi_2_2_24,6ce7a0d47b9a6b46e09ebdf84ae8c76c767cffd5,rss,5,197722112.0,1986082.7797934304,195256064.51487803,200188159.48512197
nwsapi_2_2_25,6ce7a0d47b9a6b46e09ebdf84ae8c76c767cffd5,runtime_ns,6,131274.33333333334,5123.054232258982,125898.0176368808,136650.64902978588
nwsapi_2_2_25,6ce7a0d47b9a6b46e09ebdf84ae8c76c767cffd5,rss,6,199573504.0,987888.6292662751,198536778.4642,200610229.5358
nwsapi_2_2_26,6ce7a0d47b9a6b46e09ebdf84ae8c76c767cffd5,runtime_ns,8,136934.9375,8771.155264508043,129602.0681920087,144267.8068079913
nwsapi_2_2_26,6ce7a0d47b9a6b46e09ebdf84ae8c76c767cffd5,rss,8,198961152.0,1610804.868444876,197614485.4293171,200307818.5706829
nwsapi_2_2_27,6ce7a0d47b9a6b46e09ebdf84ae8c76c767cffd5,runtime_ns,8,140080.5625,12199.788646990979,129881.28395165491,150279.8410483451
nwsapi_2_2_27,6ce7a0d47b9a6b46e09ebdf84ae8c76c767cffd5,rss,8,197664768.0,1629810.9954491218,196302211.9095024,199027324.0904976
nwsapi_2_2_21,eafde165ade4456e98749484b6457f72b86c3db3,runtime_ns,5,32529.1,1202.0041285286836,31036.61474791364,34021.585252086355
nwsapi_2_2_21,eafde165ade4456e98749484b6457f72b86c3db3,rss,5,196362240.0,844769.5897556919,195313320.013623,197411159.986377
nwsapi_2_2_22,eafde165ade4456e98749484b6457f72b86c3db3,runtime_ns,8,34604.1875,2407.896458047682,32591.13568395406,36617.23931604594
nwsapi_2_2_22,eafde165ade4456e98749484b6457f72b86c3db3,rss,8,197480448.0,1140769.878953182,196526740.51443014,198434155.48556986
nwsapi_2_2_23,eafde165ade4456e98749484b6457f72b86c3db3,runtime_ns,7,34086.357142857145,1656.421411615155,32554.422842901895,35618.29144281239
nwsapi_2_2_23,eafde165ade4456e98749484b6457f72b86c3db3,rss,7,197333577.14285713,886641.0811919008,196513570.9086327,198153583.37708157
nwsapi_2_2_24,eafde165ade4456e98749484b6457f72b86c3db3,runtime_ns,7,34089.28571428572,1696.1733121240602,32520.587038157246,35657.98439041419
nwsapi_2_2_24,eafde165ade4456e98749484b6457f72b86c3db3,rss,7,197401453.7142857,2007020.0970830456,195545269.71070957,199257637.71786183
nwsapi_2_2_25,eafde165ade4456e98749484b6457f72b86c3db3,runtime_ns,8,34731.8125,2955.2224588429885,32261.184696337263,37202.440303662734
nwsapi_2_2_25,eafde165ade4456e98749484b6457f72b86c3db3,rss,8,197873664.0,1346844.8098583168,196747673.56077006,198999654.43922994
nwsapi_2_2_26,eafde165ade4456e98749484b6457f72b86c3db3,runtime_ns,8,33481.6875,2019.9700481778718,31792.950278657925,35170.424721342075
nwsapi_2_2_26,eafde165ade4456e98749484b6457f72b86c3db3,rss,8,197933056.0,1342501.1009366063,196810696.99230608,199055415.00769392
nwsapi_2_2_27,eafde165ade4456e98749484b6457f72b86c3db3,runtime_ns,5,33387.5,986.0784705083059,32163.121863766006,34611.878136233994
nwsapi_2_2_27,eafde165ade4456e98749484b6457f72b86c3db3,rss,5,197224038.4,1417410.1323684687,195464091.26794884,198983985.53205118
nwsapi_2_2_21,b23d76e9b32ecd8986334ad514adedb7229092cd,runtime_ns,0,nan,0,nan,nan
nwsapi_2_2_21,b23d76e9b32ecd8986334ad514adedb7229092cd,rss,0,nan,0,nan,nan
nwsapi_2_2_22,b23d76e9b32ecd8986334ad514adedb7229092cd,runtime_ns,0,nan,0,nan,nan
nwsapi_2_2_22,b23d76e9b32ecd8986334ad514adedb7229092cd,rss,0,nan,0,nan,nan
nwsapi_2_2_23,b23d76e9b32ecd8986334ad514adedb7229092cd,runtime_ns,0,nan,0,nan,nan
nwsapi_2_2_23,b23d76e9b32ecd8986334ad514adedb7229092cd,rss,0,nan,0,nan,nan
nwsapi_2_2_24,b23d76e9b32ecd8986334ad514adedb7229092cd,runtime_ns,0,nan,0,nan,nan
nwsapi_2_2_24,b23d76e9b32ecd8986334ad514adedb7229092cd,rss,0,nan,0,nan,nan
nwsapi_2_2_25,b23d76e9b32ecd8986334ad514adedb7229092cd,runtime_ns,0,nan,0,nan,nan
nwsapi_2_2_25,b23d76e9b32ecd8986334ad514adedb7229092cd,rss,0,nan,0,nan,nan
nwsapi_2_2_26,b23d76e9b32ecd8986334ad514adedb7229092cd,runtime_ns,0,nan,0,nan,nan
nwsapi_2_2_26,b23d76e9b32ecd8986334ad514adedb7229092cd,rss,0,nan,0,nan,nan
nwsapi_2_2_27,b23d76e9b32ecd8986334ad514adedb7229092cd,runtime_ns,0,nan,0,nan,nan
nwsapi_2_2_27,b23d76e9b32ecd8986334ad514adedb7229092cd,rss,0,nan,0,nan,nan
nwsapi_2_2_21,b9fc0d2a1e36caee2a7b24d6d73a8d7a978dd579,runtime_ns,3,317701.0,1473.146632212829,314041.50089598214,321360.49910401786
nwsapi_2_2_21,b9fc0d2a1e36caee2a7b24d6d73a8d7a978dd579,rss,3,207011840.0,1404922.029141831,203521820.20533997,210501859.79466003
nwsapi_2_2_22,b9fc0d2a1e36caee2a7b24d6d73a8d7a978dd579,runtime_ns,5,325012.6,10628.975417461459,311814.98388634523,338210.2161136547
nwsapi_2_2_22,b9fc0d2a1e36caee2a7b24d6d73a8d7a978dd579,rss,5,208561766.4,1008022.1880478624,207310141.5397104,209813391.2602896
nwsapi_2_2_23,b9fc0d2a1e36caee2a7b24d6d73a8d7a978dd579,runtime_ns,7,316264.85714285716,16338.595915077602,301154.17617731105,331375.53810840327
nwsapi_2_2_23,b9fc0d2a1e36caee2a7b24d6d73a8d7a978dd579,rss,7,208177444.57142857,1507756.1959086596,206783002.66414225,209571886.47871488
nwsapi_2_2_24,b9fc0d2a1e36caee2a7b24d6d73a8d7a978dd579,runtime_ns,3,308270.6666666667,6052.654672400643,293235.0389387544,323306.29439457896
nwsapi_2_2_24,b9fc0d2a1e36caee2a7b24d6d73a8d7a978dd579,rss,3,207055530.66666666,1939227.1093374633,202238223.47271287,211872837.86062044
nwsapi_2_2_25,b9fc0d2a1e36caee2a7b24d6d73a8d7a978dd579,runtime_ns,7,319649.0,15908.980673925445,304935.6468636461,334362.3531363539
nwsapi_2_2_25,b9fc0d2a1e36caee2a7b24d6d73a8d7a978dd579,rss,7,208025307.42857143,1593477.1181997831,206551586.89076227,209499027.9663806
nwsapi_2_2_26,b9fc0d2a1e36caee2a7b24d6d73a8d7a978dd579,runtime_ns,3,314312.6666666667,4545.1133740901705,303021.9791299085,325603.3542034249
nwsapi_2_2_26,b9fc0d2a1e36caee2a7b24d6d73a8d7a978dd579,rss,3,207607125.33333334,2195354.1070882697,202153563.4052694,213060687.26139727
nwsapi_2_2_27,b9fc0d2a1e36caee2a7b24d6d73a8d7a978dd579,runtime_ns,3,310986.1666666667,2983.0908607237116,303575.7581619652,318396.5751713682
nwsapi_2_2_27,b9fc0d2a1e36caee2a7b24d6d73a8d7a978dd579,rss,3,208153258.66666666,1450917.0632525256,204548980.873219,211757536.4601143
nwsapi_2_2_21,c699696f15de582de8e3ea8059897f17f8862dad,runtime_ns,8,7804.5625,472.94460846759995,7409.170912549114,8199.954087450886
nwsapi_2_2_21,c699696f15de582de8e3ea8059897f17f8862dad,rss,8,197646336.0,1561975.2617027673,196340492.00214845,198952179.99785155
nwsapi_2_2_22,c699696f15de582de8e3ea8059897f17f8862dad,runtime_ns,7,6916.571428571428,358.7241777665477,6584.80689794515,7248.335959197707
nwsapi_2_2_22,c699696f15de582de8e3ea8059897f17f8862dad,rss,7,196558848.0,880528.8612040683,195744494.6264441,197373201.3735559
nwsapi_2_2_23,c699696f15de582de8e3ea8059897f17f8862dad,runtime_ns,3,6861.0,83.88086790204308,6652.628372750187,7069.371627249813
nwsapi_2_2_23,c699696f15de582de8e3ea8059897f17f8862dad,rss,3,197307050.66666666,1144576.1240587423,194463765.9529233,200150335.38041002
nwsapi_2_2_24,c699696f15de582de8e3ea8059897f17f8862dad,runtime_ns,7,7023.785714285715,373.1028518990951,6678.723128021499,7368.84830054993
nwsapi_2_2_24,c699696f15de582de8e3ea8059897f17f8862dad,rss,7,197378048.0,1266558.4412319867,196206676.81063026,198549419.18936974
nwsapi_2_2_25,c699696f15de582de8e3ea8059897f17f8862dad,runtime_ns,8,7893.125,732.223265619364,7280.971030638182,8505.278969361818
nwsapi_2_2_25,c699696f15de582de8e3ea8059897f17f8862dad,rss,8,197505024.0,1658539.715363402,196118450.0986024,198891597.9013976
nwsapi_2_2_26,c699696f15de582de8e3ea8059897f17f8862dad,runtime_ns,8,8049.5,742.9482773767921,7428.379696424248,8670.620303575752
nwsapi_2_2_26,c699696f15de582de8e3ea8059897f17f8862dad,rss,8,196919296.0,1497834.0513566344,195667075.39593646,198171516.60406354
nwsapi_2_2_27,c699696f15de582de8e3ea8059897f17f8862dad,runtime_ns,8,7955.6875,756.9188453149103,7322.8875093409315,8588.487490659068
nwsapi_2_2_27,c699696f15de582de8e3ea8059897f17f8862dad,rss,8,197007360.0,1274013.0945853174,195942258.39849645,198072461.60150355
nwsapi_2_2_21,ddffd150261e0a1d9338ed192ce735b03eea3148,runtime_ns,6,44249.916666666664,1964.781601518771,42188.004829420956,46311.82850391237
nwsapi_2_2_21,ddffd150261e0a1d9338ed192ce735b03eea3148,rss,6,197615616.0,954542.0201860158,196613885.58423847,198617346.41576153
nwsapi_2_2_22,ddffd150261e0a1d9338ed192ce735b03eea3148,runtime_ns,8,41148.375,2754.364883364999,38845.668331704685,43451.081668295315
nwsapi_2_2_22,ddffd150261e0a1d9338ed192ce735b03eea3148,rss,8,197169152.0,1505004.7188520231,195910936.56788826,198427367.43211174
nwsapi_2_2_23,ddffd150261e0a1d9338ed192ce735b03eea3148,runtime_ns,8,41033.875,3340.2946058052166,38241.31882513997,43826.43117486003
nwsapi_2_2_23,ddffd150261e0a1d9338ed192ce735b03eea3148,rss,8,197980160.0,808112.5803776176,197304560.97577214,198655759.02422786
nwsapi_2_2_24,ddffd150261e0a1d9338ed192ce735b03eea3148,runtime_ns,8,41185.0625,3210.896119215453,38500.68616715624,43869.43883284376
nwsapi_2_2_24,ddffd150261e0a1d9338ed192ce735b03eea3148,rss,8,197640192.0,1176881.5816025962,196656294.37549958,198624089.62450042
nwsapi_2_2_25,ddffd150261e0a1d9338ed192ce735b03eea3148,runtime_ns,7,41184.57142857143,1939.774029549392,39390.57966464491,42978.563192497946
nwsapi_2_2_25,ddffd150261e0a1d9338ed192ce735b03eea3148,rss,7,197015259.42857143,797584.4156933812,196277616.8727927,197752901.98435017
nwsapi_2_2_26,ddffd150261e0a1d9338ed192ce735b03eea3148,runtime_ns,3,41368.166666666664,755.6762424036721,39490.96281503792,43245.37051829541
nwsapi_2_2_26,ddffd150261e0a1d9338ed192ce735b03eea3148,rss,3,197263360.0,1358884.6536126605,193887703.386042,200639016.613958
nwsapi_2_2_27,ddffd150261e0a1d9338ed192ce735b03eea3148,runtime_ns,8,41236.8125,2139.7511860945087,39447.935741343004,43025.689258656996
nwsapi_2_2_27,ddffd150261e0a1d9338ed192ce735b03eea3148,rss,8,196966400.0,1103544.369084063,196043813.81949908,197888986.18050092
nwsapi_2_2_21,5f76db1a96b335d6cf06e3895871f79ac04330b2,runtime_ns,0,nan,0,nan,nan
nwsapi_2_2_21,5f76db1a96b335d6cf06e3895871f79ac04330b2,rss,0,nan,0,nan,nan
nwsapi_2_2_22,5f76db1a96b335d6cf06e3895871f79ac04330b2,runtime_ns,0,nan,0,nan,nan
nwsapi_2_2_22,5f76db1a96b335d6cf06e3895871f79ac04330b2,rss,0,nan,0,nan,nan
nwsapi_2_2_23,5f76db1a96b335d6cf06e3895871f79ac04330b2,runtime_ns,0,nan,0,nan,nan
nwsapi_2_2_23,5f76db1a96b335d6cf06e3895871f79ac04330b2,rss,0,nan,0,nan,nan
nwsapi_2_2_24,5f76db1a96b335d6cf06e3895871f79ac04330b2,runtime_ns,0,nan,0,nan,nan
nwsapi_2_2_24,5f76db1a96b335d6cf06e3895871f79ac04330b2,rss,0,nan,0,nan,nan
nwsapi_2_2_25,5f76db1a96b335d6cf06e3895871f79ac04330b2,runtime_ns,0,nan,0,nan,nan
nwsapi_2_2_25,5f76db1a96b335d6cf06e3895871f79ac04330b2,rss,0,nan,0,nan,nan
nwsapi_2_2_26,5f76db1a96b335d6cf06e3895871f79ac04330b2,runtime_ns,0,nan,0,nan,nan
nwsapi_2_2_26,5f76db1a96b335d6cf06e3895871f79ac04330b2,rss,0,nan,0,nan,nan
nwsapi_2_2_27,5f76db1a96b335d6cf06e3895871f79ac04330b2,runtime_ns,0,nan,0,nan,nan
nwsapi_2_2_27,5f76db1a96b335d6cf06e3895871f79ac04330b2,rss,0,nan,0,nan,nan
nwsapi_2_2_21,01a1e55130d52917ee7f0354abed3358c96d37b0,runtime_ns,8,8867.1875,576.8373710835416,8384.939389396277,9349.435610603723
nwsapi_2_2_21,01a1e55130d52917ee7f0354abed3358c96d37b0,rss,8,197349376.0,810671.0295621946,196671638.0587269,198027113.9412731
nwsapi_2_2_22,01a1e55130d52917ee7f0354abed3358c96d37b0,runtime_ns,4,7958.375,150.93120673560742,7718.209769386127,8198.540230613873
nwsapi_2_2_22,01a1e55130d52917ee7f0354abed3358c96d37b0,rss,4,197828608.0,826972.8311151864,196512709.68452373,199144506.31547627
nwsapi_2_2_23,01a1e55130d52917ee7f0354abed3358c96d37b0,runtime_ns,4,7661.625,219.50033219412978,7312.350989400123,8010.899010599877
nwsapi_2_2_23,01a1e55130d52917ee7f0354abed3358c96d37b0,rss,4,197668864.0,675711.729241595,196593655.8519191,198744072.1480809
nwsapi_2_2_24,01a1e55130d52917ee7f0354abed3358c96d37b0,runtime_ns,3,7520.833333333333,125.25008316697172,7209.694878338393,7831.971788328273
nwsapi_2_2_24,01a1e55130d52917ee7f0354abed3358c96d37b0,rss,3,197137749.33333334,1394983.1895149609,193672418.98500147,200603079.6816652
nwsapi_2_2_25,01a1e55130d52917ee7f0354abed3358c96d37b0,runtime_ns,8,8507.75,572.4264144848663,8029.189541397171,8986.31045860283
nwsapi_2_2_25,01a1e55130d52917ee7f0354abed3358c96d37b0,rss,8,197783552.0,915485.125775088,197018187.28141123,198548916.71858877
nwsapi_2_2_26,01a1e55130d52917ee7f0354abed3358c96d37b0,runtime_ns,6,8093.583333333333,327.59173015609946,7749.796896372334,8437.369770294332
nwsapi_2_2_26,01a1e55130d52917ee7f0354abed3358c96d37b0,rss,6,196602538.66666666,1237991.634940829,195303346.12306666,197901731.21026665
nwsapi_2_2_27,01a1e55130d52917ee7f0354abed3358c96d37b0,runtime_ns,5,8229.2,296.969821699108,7860.463263843228,8597.936736156775
nwsapi_2_2_27,01a1e55130d52917ee7f0354abed3358c96d37b0,rss,5,196860313.6,788017.6015577317,195881860.51419488,197838766.6858051
nwsapi_2_2_21,76424a7d909fb22189a676cd4f3dea31c9897120,runtime_ns,4,33677.125,836.8813511085866,32345.46001810182,35008.78998189818
nwsapi_2_2_21,76424a7d909fb22189a676cd4f3dea31c9897120,rss,4,198074368.0,1195059.0380417753,196172762.38989404,199975973.61010596
nwsapi_2_2_22,76424a7d909fb22189a676cd4f3dea31c9897120,runtime_ns,8,34283.9375,1777.5791008620204,32797.84418182762,35770.03081817238
nwsapi_2_2_22,76424a7d909fb22189a676cd4f3dea31c9897120,rss,8,197027840.0,786233.8798064025,196370532.02718773,197685147.97281227
nwsapi_2_2_23,76424a7d909fb22189a676cd4f3dea31c9897120,runtime_ns,5,33679.2,1034.3614334457757,32394.87064695994,34963.52935304005
nwsapi_2_2_23,76424a7d909fb22189a676cd4f3dea31c9897120,rss,5,197004492.8,1436120.9195395769,195221313.15714043,198787672.4428596
nwsapi_2_2_24,76424a7d909fb22189a676cd4f3dea31c9897120,runtime_ns,8,36182.375,3535.46639426823,33226.651126673,39138.098873327
nwsapi_2_2_24,76424a7d909fb22189a676cd4f3dea31c9897120,rss,8,197406720.0,1016553.311830858,196556860.16335744,198256579.83664256
nwsapi_2_2_25,76424a7d909fb22189a676cd4f3dea31c9897120,runtime_ns,3,33409.666666666664,114.90249489603494,33124.233045921224,33695.100287412104
nwsapi_2_2_25,76424a7d909fb22189a676cd4f3dea31c9897120,rss,3,196804608.0,610180.282762398,195288836.14862344,198320379.85137656
nwsapi_2_2_26,76424a7d909fb22189a676cd4f3dea31c9897120,runtime_ns,8,38434.9375,2975.18357701912,35947.62178392289,40922.25321607711
nwsapi_2_2_26,76424a7d909fb22189a676cd4f3dea31c9897120,rss,8,197828608.0,969092.6770836435,197018426.24695992,198638789.75304008
nwsapi_2_2_27,76424a7d909fb22189a676cd4f3dea31c9897120,runtime_ns,6,35715.416666666664,1388.9863000284297,34257.764940089575,37173.06839324375
nwsapi_2_2_27,76424a7d909fb22189a676cd4f3dea31c9897120,rss,6,197511850.66666666,1045931.5988791364,196414212.7699095,198609488.5634238
nwsapi_2_2_21,de79771dfd4ed953c1f1fcbf66f76a7f591688f5,runtime_ns,8,63450.25,4427.771569472456,59748.5403317238,67151.95966827619
nwsapi_2_2_21,de79771dfd4ed953c1f1fcbf66f76a7f591688f5,rss,8,198414336.0,1864770.8757129998,196855348.53385818,199973323.46614182
nwsapi_2_2_22,de79771dfd4ed953c1f1fcbf66f76a7f591688f5,runtime_ns,8,60252.6875,5736.894424546512,55456.52373589827,65048.85126410173
nwsapi_2_2_22,de79771dfd4ed953c1f1fcbf66f76a7f591688f5,rss,8,198979584.0,1435441.1817608052,197779525.14027908,200179642.85972092
nwsapi_2_2_23,de79771dfd4ed953c1f1fcbf66f76a7f591688f5,runtime_ns,4,63562.625,1926.2291908891148,60497.56451416266,66627.68548583734
nwsapi_2_2_23,de79771dfd4ed953c1f1fcbf66f76a7f591688f5,rss,4,199376896.0,1757955.609918142,196579596.33218163,202174195.66781837
nwsapi_2_2_24,de79771dfd4ed953c1f1fcbf66f76a7f591688f5,runtime_ns,8,61164.0625,5354.885002349991,56687.266605114244,65640.85839488576
nwsapi_2_2_24,de79771dfd4ed953c1f1fcbf66f76a7f591688f5,rss,8,198430720.0,1791221.5909373134,196933221.27470154,199928218.72529846
nwsapi_2_2_25,de79771dfd4ed953c1f1fcbf66f76a7f591688f5,runtime_ns,8,62789.0,3862.99849302881,59559.45243960387,66018.54756039614
nwsapi_2_2_25,de79771dfd4ed953c1f1fcbf66f76a7f591688f5,rss,8,197851136.0,1827289.5632190162,196323483.69527328,199378788.30472672
nwsapi_2_2_26,de79771dfd4ed953c1f1fcbf66f76a7f591688f5,runtime_ns,8,62604.0,6170.562158923842,57445.28093692307,67762.71906307693
nwsapi_2_2_26,de79771dfd4ed953c1f1fcbf66f76a7f591688f5,rss,8,198336512.0,1389317.9334943974,197175013.14080334,199498010.85919666
nwsapi_2_2_27,de79771dfd4ed953c1f1fcbf66f76a7f591688f5,runtime_ns,8,64872.25,3438.2099370789697,61997.834559646806,67746.66544035319
nwsapi_2_2_27,de79771dfd4ed953c1f1fcbf66f76a7f591688f5,rss,8,198584320.0,1570300.3869724143,197271516.02324784,199897123.97675216
nwsapi_2_2_21,2b13c3ade5d88582e240c3b589fff59cd3b362e1,runtime_ns,0,nan,0,nan,nan
nwsapi_2_2_21,2b13c3ade5d88582e240c3b589fff59cd3b362e1,rss,0,nan,0,nan,nan
nwsapi_2_2_22,2b13c3ade5d88582e240c3b589fff59cd3b362e1,runtime_ns,0,nan,0,nan,nan
nwsapi_2_2_22,2b13c3ade5d88582e240c3b589fff59cd3b362e1,rss,0,nan,0,nan,nan
nwsapi_2_2_23,2b13c3ade5d88582e240c3b589fff59cd3b362e1,runtime_ns,0,nan,0,nan,nan
nwsapi_2_2_23,2b13c3ade5d88582e240c3b589fff59cd3b362e1,rss,0,nan,0,nan,nan
nwsapi_2_2_24,2b13c3ade5d88582e240c3b589fff59cd3b362e1,runtime_ns,0,nan,0,nan,nan
nwsapi_2_2_24,2b13c3ade5d88582e240c3b589fff59cd3b362e1,rss,0,nan,0,nan,nan
nwsapi_2_2_25,2b13c3ade5d88582e240c3b589fff59cd3b362e1,runtime_ns,0,nan,0,nan,nan
nwsapi_2_2_25,2b13c3ade5d88582e240c3b589fff59cd3b362e1,rss,0,nan,0,nan,nan
nwsapi_2_2_26,2b13c3ade5d88582e240c3b589fff59cd3b362e1,runtime_ns,0,nan,0,nan,nan
nwsapi_2_2_26,2b13c3ade5d88582e240c3b589fff59cd3b362e1,rss,0,nan,0,nan,nan
nwsapi_2_2_27,2b13c3ade5d88582e240c3b589fff59cd3b362e1,runtime_ns,0,nan,0,nan,nan
nwsapi_2_2_27,2b13c3ade5d88582e240c3b589fff59cd3b362e1,rss,0,nan,0,nan,nan
nwsapi_2_2_21,21ffeed47ed17991ed953df30a7412bcd9152b65,runtime_ns,8,39734.4375,8213.6889808482,32867.621668251486,46601.253331748514
nwsapi_2_2_21,21ffeed47ed17991ed953df30a7412bcd9152b65,rss,8,197060608.0,1057350.7142038674,196176640.68142545,197944575.31857455
nwsapi_2_2_22,21ffeed47ed17991ed953df30a7412bcd9152b65,runtime_ns,4,39755.125,1219.1227293290315,37815.22868717972,41695.02131282028
nwsapi_2_2_22,21ffeed47ed17991ed953df30a7412bcd9152b65,rss,4,197132288.0,1658321.9736331864,194493527.68102014,199771048.31897986
nwsapi_2_2_23,21ffeed47ed17991ed953df30a7412bcd9152b65,runtime_ns,4,39275.875,734.2543127781636,38107.51253758025,40444.23746241975
nwsapi_2_2_23,21ffeed47ed17991ed953df30a7412bcd9152b65,rss,4,197652480.0,1781384.8861841545,194817899.1253375,200487060.8746625
nwsapi_2_2_24,21ffeed47ed17991ed953df30a7412bcd9152b65,runtime_ns,8,39601.625,2114.800003208679,37833.60795225496,41369.64204774504
nwsapi_2_2_24,21ffeed47ed17991ed953df30a7412bcd9152b65,rss,8,197599232.0,1225284.1129655254,196574868.84662032,198623595.15337968
nwsapi_2_2_25,21ffeed47ed17991ed953df30a7412bcd9152b65,runtime_ns,4,39349.0,1165.322773598228,37494.711422349676,41203.288577650324
nwsapi_2_2_25,21ffeed47ed17991ed953df30a7412bcd9152b65,rss,4,198213632.0,1171961.9233860231,196348779.05349347,200078484.94650653
nwsapi_2_2_26,21ffeed47ed17991ed953df30a7412bcd9152b65,runtime_ns,3,41007.0,759.7111293116615,39119.772933640474,42894.227066359526
nwsapi_2_2_26,21ffeed47ed17991ed953df30a7412bcd9152b65,rss,3,198705152.0,312586.79752030474,197928643.34808454,199481660.65191546
nwsapi_2_2_27,21ffeed47ed17991ed953df30a7412bcd9152b65,runtime_ns,3,39882.333333333336,204.67067042772234,39373.90320243461,40390.76346423206
nwsapi_2_2_27,21ffeed47ed17991ed953df30a7412bcd9152b65,rss,3,197804032.0,1124544.1001650402,195010509.59225368,200597554.40774632
nwsapi_2_2_21,b20a9fe041995b0eeffc6dfb5a29fafcf8064000,runtime_ns,5,101158.2,3296.116836521424,97065.53039021806,105250.86960978193
nwsapi_2_2_21,b20a9fe041995b0eeffc6dfb5a29fafcf8064000,rss,5,197997363.2,1692531.4342118434,195895807.85231096,200098918.54768902
nwsapi_2_2_22,b20a9fe041995b0eeffc6dfb5a29fafcf8064000,runtime_ns,6,97448.08333333333,3910.533101978126,93344.23052512448,101551.93614154217
nwsapi_2_2_22,b20a9fe041995b0eeffc6dfb5a29fafcf8064000,rss,6,198038869.33333334,1006285.308856423,196982837.66631567,199094901.000351
nwsapi_2_2_23,b20a9fe041995b0eeffc6dfb5a29fafcf8064000,runtime_ns,7,102000.14285714286,5361.209811493777,97041.85075714184,106958.43495714387
nwsapi_2_2_23,b20a9fe041995b0eeffc6dfb5a29fafcf8064000,rss,7,198281508.57142857,1465961.5036463107,196925720.30758336,199637296.83527377
nwsapi_2_2_24,b20a9fe041995b0eeffc6dfb5a29fafcf8064000,runtime_ns,8,102216.0625,8069.335188749619,95469.92945856249,108962.19554143751
nwsapi_2_2_24,b20a9fe041995b0eeffc6dfb5a29fafcf8064000,rss,8,197912576.0,1060067.3191690638,197026337.54283875,198798814.45716125
nwsapi_2_2_25,b20a9fe041995b0eeffc6dfb5a29fafcf8064000,runtime_ns,8,104848.9375,8416.742199065842,97812.3649296173,111885.5100703827
nwsapi_2_2_25,b20a9fe041995b0eeffc6dfb5a29fafcf8064000,rss,8,198170624.0,1183248.8534374936,197181403.2030319,199159844.7969681
nwsapi_2_2_26,b20a9fe041995b0eeffc6dfb5a29fafcf8064000,runtime_ns,5,101162.5,3570.776211133932,96728.79573299256,105596.20426700744
nwsapi_2_2_26,b20a9fe041995b0eeffc6dfb5a29fafcf8064000,rss,5,198947635.2,1300873.0920866954,197332387.91532394,200562882.48467603
nwsapi_2_2_27,b20a9fe041995b0eeffc6dfb5a29fafcf8064000,runtime_ns,8,101901.0625,5816.067949086639,97038.70801294356,106763.41698705644
nwsapi_2_2_27,b20a9fe041995b0eeffc6dfb5a29fafcf8064000,rss,8,198602752.0,2200284.66861021,196763267.98350078,200442236.01649922
nwsapi_2_2_21,b2d14dadca52d5a6cfad7b98efe15fddd49d1c18,runtime_ns,4,156974.0,3619.41915229502,151214.6964457528,162733.3035542472
nwsapi_2_2_21,b2d14dadca52d5a6cfad7b98efe15fddd49d1c18,rss,4,199651328.0,1561466.2587538247,197166686.73700187,202135969.26299813
nwsapi_2_2_22,b2d14dadca52d5a6cfad7b98efe15fddd49d1c18,runtime_ns,7,143086.14285714287,7404.26543011012,136238.33945468726,149933.94625959848
nwsapi_2_2_22,b2d14dadca52d5a6cfad7b98efe15fddd49d1c18,rss,7,198171501.7142857,985215.6242443774,197260329.23302677,199082674.19554463
nwsapi_2_2_23,b2d14dadca52d5a6cfad7b98efe15fddd49d1c18,runtime_ns,8,145544.1875,10673.02341331874,136621.31662942178,154467.05837057822
nwsapi_2_2_23,b2d14dadca52d5a6cfad7b98efe15fddd49d1c18,rss,8,198760448.0,1528998.9995863307,197482172.84719494,200038723.15280506
nwsapi_2_2_24,b2d14dadca52d5a6cfad7b98efe15fddd49d1c18,runtime_ns,3,141326.16666666666,2685.4432284696195,134655.15587006073,147997.1774632726
nwsapi_2_2_24,b2d14dadca52d5a6cfad7b98efe15fddd49d1c18,rss,3,199180288.0,1641101.1334003764,195103566.78572392,203257009.21427608
nwsapi_2_2_25,b2d14dadca52d5a6cfad7b98efe15fddd49d1c18,runtime_ns,8,147268.375,7750.872622531884,140788.4833266764,153748.2666733236
nwsapi_2_2_25,b2d14dadca52d5a6cfad7b98efe15fddd49d1c18,rss,8,198500352.0,1805896.0941500165,196990585.0830012,200010118.9169988
nwsapi_2_2_26,b2d14dadca52d5a6cfad7b98efe15fddd49d1c18,runtime_ns,5,146500.1,5282.886916734069,139940.52950890962,153059.6704910904
nwsapi_2_2_26,b2d14dadca52d5a6cfad7b98efe15fddd49d1c18,rss,5,199750451.2,1230840.843905986,198222160.4366032,201278741.9633968
nwsapi_2_2_27,b2d14dadca52d5a6cfad7b98efe15fddd49d1c18,runtime_ns,3,146409.83333333334,1320.1396075163161,143130.42474952678,149689.2419171399
nwsapi_2_2_27,b2d14dadca52d5a6cfad7b98efe15fddd49d1c18,rss,3,200261632.0,723683.3386613237,198463902.92706603,202059361.07293397
nwsapi_2_2_21,7b11990e31173c8c08cfe61878612113d921122a,runtime_ns,8,38711.0625,2196.5254939416736,36874.72123217172,40547.40376782828
nwsapi_2_2_21,7b11990e31173c8c08cfe61878612113d921122a,rss,8,197881856.0,1367555.8474567474,196738550.7000291,199025161.2999709
nwsapi_2_2_22,7b11990e31173c8c08cfe61878612113d921122a,runtime_ns,8,38140.6875,2895.846877580522,35719.698924506614,40561.676075493386
nwsapi_2_2_22,7b11990e31173c8c08cfe61878612113d921122a,rss,8,197572608.0,1606120.042446214,196229858.04186615,198915357.95813385
nwsapi_2_2_23,7b11990e31173c8c08cfe61878612113d921122a,runtime_ns,7,38086.28571428572,2039.1230724902077,36200.41141039592,39972.16001817551
nwsapi_2_2_23,7b11990e31173c8c08cfe61878612113d921122a,rss,7,197387410.2857143,984715.9808374044,196476699.89753598,198298120.67389262
nwsapi_2_2_24,7b11990e31173c8c08cfe61878612113d921122a,runtime_ns,6,39083.25,1623.0510081325233,37379.96242669662,40786.53757330338
nwsapi_2_2_24,7b11990e31173c8c08cfe61878612113d921122a,rss,6,197574656.0,639857.6071996018,196903166.62254617,198246145.37745383
nwsapi_2_2_25,7b11990e31173c8c08cfe61878612113d921122a,runtime_ns,8,40195.3125,2254.0264280599854,38310.89924823557,42079.72575176443
nwsapi_2_2_25,7b11990e31173c8c08cfe61878612113d921122a,rss,8,197586944.0,1328468.6317230077,196476316.43015078,198697571.56984922
nwsapi_2_2_26,7b11990e31173c8c08cfe61878612113d921122a,runtime_ns,5,38066.6,1436.088933527447,36283.46007302013,39849.73992697987
nwsapi_2_2_26,7b11990e31173c8c08cfe61878612113d921122a,rss,5,197551718.4,584635.6695625063,196825797.3370385,198277639.46296152
nwsapi_2_2_27,7b11990e31173c8c08cfe61878612113d921122a,runtime_ns,6,42048.666666666664,1906.6436391383331,40047.76687917392,44049.56645415941
nwsapi_2_2_27,7b11990e31173c8c08cfe61878612113d921122a,rss,6,197227861.33333334,574087.1928795021,196625393.77271774,197830328.89394894
nwsapi_2_2_21,1c41157d5400a559d5521ca40651b89f8af5464c,runtime_ns,8,109724.0625,7914.0648009797815,103107.73875124763,116340.38624875237
nwsapi_2_2_21,1c41157d5400a559d5521ca40651b89f8af5464c,rss,8,198105088.0,1164958.4439803606,197131158.36800322,199079017.63199678
nwsapi_2_2_22,1c41157d5400a559d5521ca40651b89f8af5464c,runtime_ns,8,106484.375,7328.974815026022,100357.198720541,112611.551279459
nwsapi_2_2_22,1c41157d5400a559d5521ca40651b89f8af5464c,rss,8,198612992.0,1486989.0401425292,197369838.05220675,199856145.94779325
nwsapi_2_2_23,1c41157d5400a559d5521ca40651b89f8af5464c,runtime_ns,7,107645.64285714286,5151.258727358826,102881.52312465882,112409.76258962689
nwsapi_2_2_23,1c41157d5400a559d5521ca40651b89f8af5464c,rss,7,198709833.14285713,2268966.4093717085,196611389.20607325,200808277.079641
nwsapi_2_2_24,1c41157d5400a559d5521ca40651b89f8af5464c,runtime_ns,3,104319.5,1870.9013870324645,99671.92330950666,108967.07669049334
nwsapi_2_2_24,1c41157d5400a559d5521ca40651b89f8af5464c,rss,3,197039445.33333334,777046.2142172327,195109155.5288235,198969735.1378432
nwsapi_2_2_25,1c41157d5400a559d5521ca40651b89f8af5464c,runtime_ns,8,110020.875,8954.395874772505,102534.8127081354,117506.9372918646
nwsapi_2_2_25,1c41157d5400a559d5521ca40651b89f8af5464c,rss,8,197556224.0,1631843.5212826014,196191968.67538184,198920479.32461816
nwsapi_2_2_26,1c41157d5400a559d5521ca40651b89f8af5464c,runtime_ns,8,111567.5625,7084.727151906719,105644.58237696791,117490.54262303209
nwsapi_2_2_26,1c41157d5400a559d5521ca40651b89f8af5464c,rss,8,198989824.0,1563398.5663152474,197682790.08971456,200296857.91028544
nwsapi_2_2_27,1c41157d5400a559d5521ca40651b89f8af5464c,runtime_ns,3,108423.66666666667,1294.7293475214553,105207.38066797872,111639.95266535462
nwsapi_2_2_27,1c41157d5400a559d5521ca40651b89f8af5464c,rss,3,197716650.66666666,1727897.1671130587,193424316.15181455,202008985.18151876
nwsapi_2_2_21,15b1cf389c9c31639cb305aa7ddead62b573e307,runtime_ns,0,nan,0,nan,nan
nwsapi_2_2_21,15b1cf389c9c31639cb305aa7ddead62b573e307,rss,0,nan,0,nan,nan
nwsapi_2_2_22,15b1cf389c9c31639cb305aa7ddead62b573e307,runtime_ns,0,nan,0,nan,nan
nwsapi_2_2_22,15b1cf389c9c31639cb305aa7ddead62b573e307,rss,0,nan,0,nan,nan
nwsapi_2_2_23,15b1cf389c9c31639cb305aa7ddead62b573e307,runtime_ns,0,nan,0,nan,nan
nwsapi_2_2_23,15b1cf389c9c31639cb305aa7ddead62b573e307,rss,0,nan,0,nan,nan
nwsapi_2_2_24,15b1cf389c9c31639cb305aa7ddead62b573e307,runtime_ns,0,nan,0,nan,nan
nwsapi_2_2_24,15b1cf389c9c31639cb305aa7ddead62b573e307,rss,0,nan,0,nan,nan
nwsapi_2_2_25,15b1cf389c9c31639cb305aa7ddead62b573e307,runtime_ns,0,nan,0,nan,nan
nwsapi_2_2_25,15b1cf389c9c31639cb305aa7ddead62b573e307,rss,0,nan,0,nan,nan
nwsapi_2_2_26,15b1cf389c9c31639cb305aa7ddead62b573e307,runtime_ns,0,nan,0,nan,nan
nwsapi_2_2_26,15b1cf389c9c31639cb305aa7ddead62b573e307,rss,0,nan,0,nan,nan
nwsapi_2_2_27,15b1cf389c9c31639cb305aa7ddead62b573e307,runtime_ns,0,nan,0,nan,nan
nwsapi_2_2_27,15b1cf389c9c31639cb305aa7ddead62b573e307,rss,0,nan,0,nan,nan
nwsapi_2_2_21,09f0ece92e98de4c7cfbe09e52cd36fd28372ea1,runtime_ns,5,70245.8,2462.356813095941,67188.38019444702,73303.21980555299
nwsapi_2_2_21,09f0ece92e98de4c7cfbe09e52cd36fd28372ea1,rss,5,198069452.8,1357916.3576432827,196383376.94614238,199755528.65385765
nwsapi_2_2_22,09f0ece92e98de4c7cfbe09e52cd36fd28372ea1,runtime_ns,8,72398.4375,5643.817353260494,67680.08811481741,77116.78688518259
nwsapi_2_2_22,09f0ece92e98de4c7cfbe09e52cd36fd28372ea1,rss,8,197644288.0,1043360.7448460548,196772016.58850154,198516559.41149846
nwsapi_2_2_23,09f0ece92e98de4c7cfbe09e52cd36fd28372ea1,runtime_ns,5,66908.3,1961.5185316483758,64472.75305744271,69343.8469425573
nwsapi_2_2_23,09f0ece92e98de4c7cfbe09e52cd36fd28372ea1,rss,5,197564825.6,681916.9600683063,196718113.8609186,198411537.33908138
nwsapi_2_2_24,09f0ece92e98de4c7cfbe09e52cd36fd28372ea1,runtime_ns,8,69388.25,4327.016268251633,65770.77387150952,73005.72612849048
nwsapi_2_2_24,09f0ece92e98de4c7cfbe09e52cd36fd28372ea1,rss,8,197650432.0,1817684.1020381637,196130810.0617824,199170053.9382176
nwsapi_2_2_25,09f0ece92e98de4c7cfbe09e52cd36fd28372ea1,runtime_ns,8,69645.6875,3765.256668707991,66497.85414965433,72793.52085034567
nwsapi_2_2_25,09f0ece92e98de4c7cfbe09e52cd36fd28372ea1,rss,8,196786176.0,1650443.325361661,195406370.85003355,198165981.14996645
nwsapi_2_2_26,09f0ece92e98de4c7cfbe09e52cd36fd28372ea1,runtime_ns,5,69370.8,2710.9048212727794,66004.76708086858,72736.83291913143
nwsapi_2_2_26,09f0ece92e98de4c7cfbe09e52cd36fd28372ea1,rss,5,197125734.4,760277.6252164731,196181725.04412887,198069743.75587115
nwsapi_2_2_27,09f0ece92e98de4c7cfbe09e52cd36fd28372ea1,runtime_ns,6,68920.33333333333,2692.8433795277933,66094.36751819891,71746.29914846775
nwsapi_2_2_27,09f0ece92e98de4c7cfbe09e52cd36fd28372ea1,rss,6,197735765.33333334,1130064.551486271,196549835.31762058,198921695.3490461
nwsapi_2_2_21,85afd5b57793a038f87f4a1a0a1be8a22d24ff19,runtime_ns,8,8932.3125,2098.5570031656785,7177.874940120945,10686.750059879056
nwsapi_2_2_21,85afd5b57793a038f87f4a1a0a1be8a22d24ff19,rss,8,198283264.0,1300727.1648138096,197195828.87688357,199370699.12311643
nwsapi_2_2_22,85afd5b57793a038f87f4a1a0a1be8a22d24ff19,runtime_ns,8,7036.5,647.1858863020511,6495.439058868018,7577.560941131982
nwsapi_2_2_22,85afd5b57793a038f87f4a1a0a1be8a22d24ff19,rss,8,197009408.0,1301176.6862783416,195921597.06753448,198097218.93246552
nwsapi_2_2_23,85afd5b57793a038f87f4a1a0a1be8a22d24ff19,runtime_ns,8,8398.5,1250.6115075662558,7352.962614843736,9444.037385156264
nwsapi_2_2_23,85afd5b57793a038f87f4a1a0a1be8a22d24ff19,rss,8,197199872.0,944988.5040449661,196409841.83991885,197989902.16008115
nwsapi_2_2_24,85afd5b57793a038f87f4a1a0a1be8a22d24ff19,runtime_ns,4,7911.5,237.3032518389357,7533.897571476685,8289.102428523314
nwsapi_2_2_24,85afd5b57793a038f87f4a1a0a1be8a22d24ff19,rss,4,197505024.0,1851385.9586922082,194559055.79805294,200450992.20194706
nwsapi_2_2_25,85afd5b57793a038f87f4a1a0a1be8a22d24ff19,runtime_ns,8,7796.8125,545.8897021965937,7340.4372880614355,8253.187711938564
nwsapi_2_2_25,85afd5b57793a038f87f4a1a0a1be8a22d24ff19,rss,8,197814272.0,1216172.0968143095,196797526.68276095,198831017.31723905
nwsapi_2_2_26,85afd5b57793a038f87f4a1a0a1be8a22d24ff19,runtime_ns,8,9658.9375,1422.451692313059,8469.738125218693,10848.136874781307
nwsapi_2_2_26,85afd5b57793a038f87f4a1a0a1be8a22d24ff19,rss,8,197969920.0,1773745.6961460318,196487031.48837125,199452808.51162875
nwsapi_2_2_27,85afd5b57793a038f87f4a1a0a1be8a22d24ff19,runtime_ns,3,8604.333333333334,104.00040064025394,8345.982016065736,8862.684650600931
nwsapi_2_2_27,85afd5b57793a038f87f4a1a0a1be8a22d24ff19,rss,3,197268821.33333334,845219.6323449506,195169179.3699135,199368463.2967532
nwsapi_2_2_21,26e28a77a6a705d2ce6be96a5e9a926a01edaf9b,runtime_ns,4,36708.375,1131.83217064192,34907.37744516969,38509.37255483031
nwsapi_2_2_21,26e28a77a6a705d2ce6be96a5e9a926a01edaf9b,rss,4,197001216.0,854694.3045682084,195641206.63413993,198361225.36586007
nwsapi_2_2_22,26e28a77a6a705d2ce6be96a5e9a926a01edaf9b,runtime_ns,4,39203.25,799.8735837618342,37930.472634331556,40476.027365668444
nwsapi_2_2_22,26e28a77a6a705d2ce6be96a5e9a926a01edaf9b,rss,4,197025792.0,912173.4676664667,195574320.4590235,198477263.5409765
nwsapi_2_2_23,26e28a77a6a705d2ce6be96a5e9a926a01edaf9b,runtime_ns,8,39513.0625,3374.4061851944516,36691.988331100736,42334.136668899264
nwsapi_2_2_23,26e28a77a6a705d2ce6be96a5e9a926a01edaf9b,rss,8,198035456.0,1294363.775470515,196953340.80350703,199117571.19649297
nwsapi_2_2_24,26e28a77a6a705d2ce6be96a5e9a926a01edaf9b,runtime_ns,8,39028.75,3141.868029419077,36402.082594406136,41655.417405593864
nwsapi_2_2_24,26e28a77a6a705d2ce6be96a5e9a926a01edaf9b,rss,8,197844992.0,1306294.7010034581,196752902.3001471,198937081.6998529
nwsapi_2_2_25,26e28a77a6a705d2ce6be96a5e9a926a01edaf9b,runtime_ns,4,39458.125,1077.1286192929792,37744.17300260786,41172.07699739214
nwsapi_2_2_25,26e28a77a6a705d2ce6be96a5e9a926a01edaf9b,rss,4,197431296.0,1102273.098065992,195677333.52582312,199185258.47417688
nwsapi_2_2_26,26e28a77a6a705d2ce6be96a5e9a926a01edaf9b,runtime_ns,6,39357.833333333336,1722.9561418291141,37549.701752120185,41165.96491454649
nwsapi_2_2_26,26e28a77a6a705d2ce6be96a5e9a926a01edaf9b,rss,6,197118634.66666666,1142443.8394576192,195919713.38496023,198317555.94837308
nwsapi_2_2_27,26e28a77a6a705d2ce6be96a5e9a926a01edaf9b,runtime_ns,4,40010.25,1151.8779955649238,38177.3550644384,41843.1449355616
nwsapi_2_2_27,26e28a77a6a705d2ce6be96a5e9a926a01edaf9b,rss,4,197054464.0,2416825.1228529825,193208755.90862983,200900172.09137017
nwsapi_2_2_21,0f927529ad0df1f075696ec7f8697065e780fc73,runtime_ns,0,nan,0,nan,nan
nwsapi_2_2_21,0f927529ad0df1f075696ec7f8697065e780fc73,rss,0,nan,0,nan,nan
nwsapi_2_2_22,0f927529ad0df1f075696ec7f8697065e780fc73,runtime_ns,0,nan,0,nan,nan
nwsapi_2_2_22,0f927529ad0df1f075696ec7f8697065e780fc73,rss,0,nan,0,nan,nan
nwsapi_2_2_23,0f927529ad0df1f075696ec7f8697065e780fc73,runtime_ns,0,nan,0,nan,nan
nwsapi_2_2_23,0f927529ad0df1f075696ec7f8697065e780fc73,rss,0,nan,0,nan,nan
nwsapi_2_2_24,0f927529ad0df1f075696ec7f8697065e780fc73,runtime_ns,0,nan,0,nan,nan
nwsapi_2_2_24,0f927529ad0df1f075696ec7f8697065e780fc73,rss,0,nan,0,nan,nan
nwsapi_2_2_25,0f927529ad0df1f075696ec7f8697065e780fc73,runtime_ns,0,nan,0,nan,nan
nwsapi_2_2_25,0f927529ad0df1f075696ec7f8697065e780fc73,rss,0,nan,0,nan,nan
nwsapi_2_2_26,0f927529ad0df1f075696ec7f8697065e780fc73,runtime_ns,0,nan,0,nan,nan
nwsapi_2_2_26,0f927529ad0df1f075696ec7f8697065e780fc73,rss,0,nan,0,nan,nan
nwsapi_2_2_27,0f927529ad0df1f075696ec7f8697065e780fc73,runtime_ns,0,nan,0,nan,nan
nwsapi_2_2_27,0f927529ad0df1f075696ec7f8697065e780fc73,rss,0,nan,0,nan,nan
nwsapi_2_2_21,fb10df381ee1b75f3e9aaf0932ee369672d3bc4a,runtime_ns,8,11963.5,879.0587904929096,11228.588459805418,12698.411540194582
nwsapi_2_2_21,fb10df381ee1b75f3e9aaf0932ee369672d3bc4a,rss,8,197222400.0,1454133.5684297662,196006713.91394866,198438086.08605134
nwsapi_2_2_22,fb10df381ee1b75f3e9aaf0932ee369672d3bc4a,runtime_ns,8,11763.125,805.9138446509031,11089.364164840808,12436.885835159192
nwsapi_2_2_22,fb10df381ee1b75f3e9aaf0932ee369672d3bc4a,rss,8,196395008.0,1034919.0641977758,195529794.01013723,197260221.98986277
nwsapi_2_2_23,fb10df381ee1b75f3e9aaf0932ee369672d3bc4a,runtime_ns,8,13335.8125,1875.100415168288,11768.189322762753,14903.435677237247
nwsapi_2_2_23,fb10df381ee1b75f3e9aaf0932ee369672d3bc4a,rss,8,197894144.0,1220580.5097575497,196873713.15730923,198914574.84269077
nwsapi_2_2_24,fb10df381ee1b75f3e9aaf0932ee369672d3bc4a,runtime_ns,7,12169.642857142857,608.0066278617443,11607.33051241573,12731.955201869983
nwsapi_2_2_24,fb10df381ee1b75f3e9aaf0932ee369672d3bc4a,rss,7,197284425.14285713,946106.3375715981,196409422.7190973,198159427.56661698
nwsapi_2_2_25,fb10df381ee1b75f3e9aaf0932ee369672d3bc4a,runtime_ns,8,13439.9375,2150.483690400504,11642.088143201709,15237.786856798291
nwsapi_2_2_25,fb10df381ee1b75f3e9aaf0932ee369672d3bc4a,rss,8,197120000.0,875706.9006857097,196387890.70981124,197852109.29018876
nwsapi_2_2_26,fb10df381ee1b75f3e9aaf0932ee369672d3bc4a,runtime_ns,6,13385.5,530.3880654765904,12828.891861113381,13942.108138886619
nwsapi_2_2_26,fb10df381ee1b75f3e9aaf0932ee369672d3bc4a,rss,6,197918720.0,1028622.9597717524,196839246.40600023,198998193.59399977
nwsapi_2_2_27,fb10df381ee1b75f3e9aaf0932ee369672d3bc4a,runtime_ns,8,15195.3125,5222.353156914583,10829.31600068044,19561.30899931956
nwsapi_2_2_27,fb10df381ee1b75f3e9aaf0932ee369672d3bc4a,rss,8,198289408.0,2193497.7364596743,196455598.0007723,200123217.9992277
nwsapi_2_2_21,49c3e1c97f693d359b1a83bc4ec932c9ce582eee,runtime_ns,0,nan,0,nan,nan
nwsapi_2_2_21,49c3e1c97f693d359b1a83bc4ec932c9ce582eee,rss,0,nan,0,nan,nan
nwsapi_2_2_22,49c3e1c97f693d359b1a83bc4ec932c9ce582eee,runtime_ns,0,nan,0,nan,nan
nwsapi_2_2_22,49c3e1c97f693d359b1a83bc4ec932c9ce582eee,rss,0,nan,0,nan,nan
nwsapi_2_2_23,49c3e1c97f693d359b1a83bc4ec932c9ce582eee,runtime_ns,0,nan,0,nan,nan
nwsapi_2_2_23,49c3e1c97f693d359b1a83bc4ec932c9ce582eee,rss,0,nan,0,nan,nan
nwsapi_2_2_24,49c3e1c97f693d359b1a83bc4ec932c9ce582eee,runtime_ns,0,nan,0,nan,nan
nwsapi_2_2_24,49c3e1c97f693d359b1a83bc4ec932c9ce582eee,rss,0,nan,0,nan,nan
nwsapi_2_2_25,49c3e1c97f693d359b1a83bc4ec932c9ce582eee,runtime_ns,0,nan,0,nan,nan
nwsapi_2_2_25,49c3e1c97f693d359b1a83bc4ec932c9ce582eee,rss,0,nan,0,nan,nan
nwsapi_2_2_26,49c3e1c97f693d359b1a83bc4ec932c9ce582eee,runtime_ns,0,nan,0,nan,nan
nwsapi_2_2_26,49c3e1c97f693d359b1a83bc4ec932c9ce582eee,rss,0,nan,0,nan,nan
nwsapi_2_2_27,49c3e1c97f693d359b1a83bc4ec932c9ce582eee,runtime_ns,0,nan,0,nan,nan
nwsapi_2_2_27,49c3e1c97f693d359b1a83bc4ec932c9ce582eee,rss,0,nan,0,nan,nan
nwsapi_2_2_21,a19cf64aa6f8622c6e7a81fe1c24a742ad1e70e8,runtime_ns,8,68302.1875,5207.849267743423,63948.31655547253,72656.05844452747
nwsapi_2_2_21,a19cf64aa6f8622c6e7a81fe1c24a742ad1e70e8,rss,8,197838848.0,918524.8198702713,197070942.0335523,198606753.9664477
nwsapi_2_2_22,a19cf64aa6f8622c6e7a81fe1c24a742ad1e70e8,runtime_ns,4,69025.875,2040.2698912562198,65779.35031139503,72272.39968860497
nwsapi_2_2_22,a19cf64aa6f8622c6e7a81fe1c24a742ad1e70e8,rss,4,198586368.0,2305719.375045165,194917453.94693324,202255282.05306676
nwsapi_2_2_23,a19cf64aa6f8622c6e7a81fe1c24a742ad1e70e8,runtime_ns,3,69430.5,664.5419475097113,67779.68628715111,71081.31371284889
nwsapi_2_2_23,a19cf64aa6f8622c6e7a81fe1c24a742ad1e70e8,rss,3,198033408.0,744345.8747007335,196184350.34207013,199882465.65792987
nwsapi_2_2_24,a19cf64aa6f8622c6e7a81fe1c24a742ad1e70e8,runtime_ns,8,69765.5625,5804.848739492947,64912.58750688804,74618.53749311196
nwsapi_2_2_24,a19cf64aa6f8622c6e7a81fe1c24a742ad1e70e8,rss,8,198037504.0,971493.6383398798,197225314.9931177,198849693.0068823
nwsapi_2_2_25,a19cf64aa6f8622c6e7a81fe1c24a742ad1e70e8,runtime_ns,8,70367.125,3534.371925917572,67412.31612511221,73321.93387488779
nwsapi_2_2_25,a19cf64aa6f8622c6e7a81fe1c24a742ad1e70e8,rss,8,197640192.0,1525057.8633706234,196365211.71952626,198915172.28047374
nwsapi_2_2_26,a19cf64aa6f8622c6e7a81fe1c24a742ad1e70e8,runtime_ns,4,69828.125,2000.0398902271925,66645.61522046322,73010.63477953678
nwsapi_2_2_26,a19cf64aa6f8622c6e7a81fe1c24a742ad1e70e8,rss,4,198361088.0,1338617.251975087,196231049.23613143,200491126.76386857
nwsapi_2_2_27,a19cf64aa6f8622c6e7a81fe1c24a742ad1e70e8,runtime_ns,8,80888.125,29155.80956534588,56513.258216319184,105262.99178368082
nwsapi_2_2_27,a19cf64aa6f8622c6e7a81fe1c24a742ad1e70e8,rss,8,197984256.0,1147715.6139542086,197024741.7346532,198943770.2653468
nwsapi_2_2_21,c53950f217a52eb0149b81433321e9d51aed5101,runtime_ns,0,nan,0,nan,nan
nwsapi_2_2_21,c53950f217a52eb0149b81433321e9d51aed5101,rss,0,nan,0,nan,nan
nwsapi_2_2_22,c53950f217a52eb0149b81433321e9d51aed5101,runtime_ns,0,nan,0,nan,nan
nwsapi_2_2_22,c53950f217a52eb0149b81433321e9d51aed5101,rss,0,nan,0,nan,nan
nwsapi_2_2_23,c53950f217a52eb0149b81433321e9d51aed5101,runtime_ns,0,nan,0,nan,nan
nwsapi_2_2_23,c53950f217a52eb0149b81433321e9d51aed5101,rss,0,nan,0,nan,nan
nwsapi_2_2_24,c53950f217a52eb0149b81433321e9d51aed5101,runtime_ns,0,nan,0,nan,nan
nwsapi_2_2_24,c53950f217a52eb0149b81433321e9d51aed5101,rss,0,nan,0,nan,nan
nwsapi_2_2_25,c53950f217a52eb0149b81433321e9d51aed5101,runtime_ns,0,nan,0,nan,nan
nwsapi_2_2_25,c53950f217a52eb0149b81433321e9d51aed5101,rss,0,nan,0,nan,nan
nwsapi_2_2_26,c53950f217a52eb0149b81433321e9d51aed5101,runtime_ns,0,nan,0,nan,nan
nwsapi_2_2_26,c53950f217a52eb0149b81433321e9d51aed5101,rss,0,nan,0,nan,nan
nwsapi_2_2_27,c53950f217a52eb0149b81433321e9d51aed5101,runtime_ns,0,nan,0,nan,nan
nwsapi_2_2_27,c53950f217a52eb0149b81433321e9d51aed5101,rss,0,nan,0,nan,nan
nwsapi_2_2_21,364fff9ee276e7247990c1ba73740386ef5c1514,runtime_ns,8,74377.4375,5836.034811150828,69498.39029851861,79256.48470148139
nwsapi_2_2_21,364fff9ee276e7247990c1ba73740386ef5c1514,rss,8,197664768.0,1366496.881731009,196522348.01753113,198807187.98246887
nwsapi_2_2_22,364fff9ee276e7247990c1ba73740386ef5c1514,runtime_ns,6,67541.41666666667,2586.2741427904866,64827.2884066809,70255.54492665245
nwsapi_2_2_22,364fff9ee276e7247990c1ba73740386ef5c1514,rss,6,198044330.66666666,1303724.4785605073,196676155.73426044,199412505.59907287
nwsapi_2_2_23,364fff9ee276e7247990c1ba73740386ef5c1514,runtime_ns,8,69734.375,3694.455814847045,66645.73264475133,72823.01735524867
nwsapi_2_2_23,364fff9ee276e7247990c1ba73740386ef5c1514,rss,8,198479872.0,1241598.6879521785,197441869.52060398,199517874.47939602
nwsapi_2_2_24,364fff9ee276e7247990c1ba73740386ef5c1514,runtime_ns,6,68590.08333333333,3162.4310967460883,65271.31543169264,71908.85123497402
nwsapi_2_2_24,364fff9ee276e7247990c1ba73740386ef5c1514,rss,6,197689344.0,1016758.8839775141,196622320.98997313,198756367.01002687
nwsapi_2_2_25,364fff9ee276e7247990c1ba73740386ef5c1514,runtime_ns,8,69062.625,3952.613039406427,65758.15780394983,72367.09219605017
nwsapi_2_2_25,364fff9ee276e7247990c1ba73740386ef5c1514,rss,8,197398528.0,1599068.5676512704,196061673.2223231,198735382.7776769
nwsapi_2_2_26,364fff9ee276e7247990c1ba73740386ef5c1514,runtime_ns,5,68900.1,2007.6210860119995,66407.30917546416,71392.89082453585
nwsapi_2_2_26,364fff9ee276e7247990c1ba73740386ef5c1514,rss,5,198285721.6,1383094.931699484,196568382.41721064,200003060.78278935
nwsapi_2_2_27,364fff9ee276e7247990c1ba73740386ef5c1514,runtime_ns,5,69412.4,2413.2286826987615,66415.98082526025,72408.81917473974
nwsapi_2_2_27,364fff9ee276e7247990c1ba73740386ef5c1514,rss,5,197856460.8,1195212.519259734,196372408.44463277,199340513.15536726
nwsapi_2_2_21,f9d409aaacc849f088bdba421e5bf5820e8fc5ab,runtime_ns,8,13593.625,2726.586664547033,11314.14150380211,15873.10849619789
nwsapi_2_2_21,f9d409aaacc849f088bdba421e5bf5820e8fc5ab,rss,8,197804032.0,1406245.2333891534,196628381.5639446,198979682.4360554
nwsapi_2_2_22,f9d409aaacc849f088bdba421e5bf5820e8fc5ab,runtime_ns,8,12778.5625,2233.7929856364426,10911.064829418237,14646.060170581763
nwsapi_2_2_22,f9d409aaacc849f088bdba421e5bf5820e8fc5ab,rss,8,197138432.0,1257775.9707056624,196086904.97376695,198189959.02623305
nwsapi_2_2_23,f9d409aaacc849f088bdba421e5bf5820e8fc5ab,runtime_ns,8,13010.4375,1638.420045512052,11640.684063534422,14380.190936465578
nwsapi_2_2_23,f9d409aaacc849f088bdba421e5bf5820e8fc5ab,rss,8,197617664.0,1301793.604286025,196529337.31117314,198705990.68882686
nwsapi_2_2_24,f9d409aaacc849f088bdba421e5bf5820e8fc5ab,runtime_ns,8,12606.875,1412.7790179541273,11425.762183350873,13787.987816649127
nwsapi_2_2_24,f9d409aaacc849f088bdba421e5bf5820e8fc5ab,rss,8,198275072.0,1374631.9669605077,197125850.91608003,199424293.08391997
nwsapi_2_2_25,f9d409aaacc849f088bdba421e5bf5820e8fc5ab,runtime_ns,8,13075.75,2244.8776294997842,11198.98533523967,14952.51466476033
nwsapi_2_2_25,f9d409aaacc849f088bdba421e5bf5820e8fc5ab,rss,8,196739072.0,1359857.9000990193,195602202.34507376,197875941.65492624
nwsapi_2_2_26,f9d409aaacc849f088bdba421e5bf5820e8fc5ab,runtime_ns,6,13319.416666666666,596.1143696193429,12693.833001734,13945.000331599333
nwsapi_2_2_26,f9d409aaacc849f088bdba421e5bf5820e8fc5ab,rss,6,196957525.33333334,1083410.711873695,195820555.51964802,198094495.14701867
nwsapi_2_2_27,f9d409aaacc849f088bdba421e5bf5820e8fc5ab,runtime_ns,6,13232.75,564.1124666234562,12640.75027261571,13824.74972738429
nwsapi_2_2_27,f9d409aaacc849f088bdba421e5bf5820e8fc5ab,rss,6,196952064.0,1488258.9272526472,195390232.0403477,198513895.9596523
nwsapi_2_2_21,94db4cd54512c63d56a90507f71bc4eb40ee9827,runtime_ns,0,nan,0,nan,nan
nwsapi_2_2_21,94db4cd54512c63d56a90507f71bc4eb40ee9827,rss,0,nan,0,nan,nan
nwsapi_2_2_22,94db4cd54512c63d56a90507f71bc4eb40ee9827,runtime_ns,0,nan,0,nan,nan
nwsapi_2_2_22,94db4cd54512c63d56a90507f71bc4eb40ee9827,rss,0,nan,0,nan,nan
nwsapi_2_2_23,94db4cd54512c63d56a90507f71bc4eb40ee9827,runtime_ns,0,nan,0,nan,nan
nwsapi_2_2_23,94db4cd54512c63d56a90507f71bc4eb40ee9827,rss,0,nan,0,nan,nan
nwsapi_2_2_24,94db4cd54512c63d56a90507f71bc4eb40ee9827,runtime_ns,0,nan,0,nan,nan
nwsapi_2_2_24,94db4cd54512c63d56a90507f71bc4eb40ee9827,rss,0,nan,0,nan,nan
nwsapi_2_2_25,94db4cd54512c63d56a90507f71bc4eb40ee9827,runtime_ns,0,nan,0,nan,nan
nwsapi_2_2_25,94db4cd54512c63d56a90507f71bc4eb40ee9827,rss,0,nan,0,nan,nan
nwsapi_2_2_26,94db4cd54512c63d56a90507f71bc4eb40ee9827,runtime_ns,0,nan,0,nan,nan
nwsapi_2_2_26,94db4cd54512c63d56a90507f71bc4eb40ee9827,rss,0,nan,0,nan,nan
nwsapi_2_2_27,94db4cd54512c63d56a90507f71bc4eb40ee9827,runtime_ns,0,nan,0,nan,nan
nwsapi_2_2_27,94db4cd54512c63d56a90507f71bc4eb40ee9827,rss,0,nan,0,nan,nan
nwsapi_2_2_21,0ae12f87be65e74137c412955592dd0af22db278,runtime_ns,8,81664.1875,19730.798294865785,65168.82732503637,98159.54767496363
nwsapi_2_2_21,0ae12f87be65e74137c412955592dd0af22db278,rss,8,198518784.0,603128.1765197179,198014556.22600514,199023011.77399486
nwsapi_2_2_22,0ae12f87be65e74137c412955592dd0af22db278,runtime_ns,8,69890.6875,4445.1464457436205,66174.45207165039,73606.92292834961
nwsapi_2_2_22,0ae12f87be65e74137c412955592dd0af22db278,rss,8,198586368.0,1290812.9412711754,197507221.37518692,199665514.62481308
nwsapi_2_2_23,0ae12f87be65e74137c412955592dd0af22db278,runtime_ns,7,72392.92857142857,3473.8993871989087,69180.10749309299,75605.74964976414
nwsapi_2_2_23,0ae12f87be65e74137c412955592dd0af22db278,rss,7,199393280.0,1366043.122169526,198129900.82644242,200656659.17355758
nwsapi_2_2_24,0ae12f87be65e74137c412955592dd0af22db278,runtime_ns,5,69383.4,2359.8994523072374,66453.19781068932,72313.60218931067
nwsapi_2_2_24,0ae12f87be65e74137c412955592dd0af22db278,rss,5,198184140.8,1007209.6481444169,196933524.8412556,199434756.75874442
nwsapi_2_2_25,0ae12f87be65e74137c412955592dd0af22db278,runtime_ns,5,66949.8,2081.800951099792,64364.902707593035,69534.69729240697
nwsapi_2_2_25,0ae12f87be65e74137c412955592dd0af22db278,rss,5,198200524.8,923002.4955043187,197054465.83108008,199346583.76891994
nwsapi_2_2_26,0ae12f87be65e74137c412955592dd0af22db278,runtime_ns,4,70864.625,2097.7026868696144,67526.71191729404,74202.53808270596
nwsapi_2_2_26,0ae12f87be65e74137c412955592dd0af22db278,rss,4,197939200.0,1264322.257519287,195927381.1514349,199951018.8485651
nwsapi_2_2_27,0ae12f87be65e74137c412955592dd0af22db278,runtime_ns,8,70218.75,4414.820154887399,66527.86798528161,73909.63201471839
nwsapi_2_2_27,0ae12f87be65e74137c412955592dd0af22db278,rss,8,197980160.0,1455945.4914757528,196762959.10837382,199197360.89162618
nwsapi_2_2_21,c4f9941b16033332a07eb236a35959182cf4f726,runtime_ns,0,nan,0,nan,nan
nwsapi_2_2_21,c4f9941b16033332a07eb236a35959182cf4f726,rss,0,nan,0,nan,nan
nwsapi_2_2_22,c4f9941b16033332a07eb236a35959182cf4f726,runtime_ns,0,nan,0,nan,nan
nwsapi_2_2_22,c4f9941b16033332a07eb236a35959182cf4f726,rss,0,nan,0,nan,nan
nwsapi_2_2_23,c4f9941b16033332a07eb236a35959182cf4f726,runtime_ns,0,nan,0,nan,nan
nwsapi_2_2_23,c4f9941b16033332a07eb236a35959182cf4f726,rss,0,nan,0,nan,nan
nwsapi_2_2_24,c4f9941b16033332a07eb236a35959182cf4f726,runtime_ns,0,nan,0,nan,nan
nwsapi_2_2_24,c4f9941b16033332a07eb236a35959182cf4f726,rss,0,nan,0,nan,nan
nwsapi_2_2_25,c4f9941b16033332a07eb236a35959182cf4f726,runtime_ns,0,nan,0,nan,nan
nwsapi_2_2_25,c4f9941b16033332a07eb236a35959182cf4f726,rss,0,nan,0,nan,nan
nwsapi_2_2_26,c4f9941b16033332a07eb236a35959182cf4f726,runtime_ns,0,nan,0,nan,nan
nwsapi_2_2_26,c4f9941b16033332a07eb236a35959182cf4f726,rss,0,nan,0,nan,nan
nwsapi_2_2_27,c4f9941b16033332a07eb236a35959182cf4f726,runtime_ns,0,nan,0,nan,nan
nwsapi_2_2_27,c4f9941b16033332a07eb236a35959182cf4f726,rss,0,nan,0,nan,nan
nwsapi_2_2_21,735d2338b2cff5e5b0f6d8db5a46fe5ac3dc783c,runtime_ns,8,29067.6875,2792.835232947489,26732.818814591312,31402.556185408688
nwsapi_2_2_21,735d2338b2cff5e5b0f6d8db5a46fe5ac3dc783c,rss,8,198027264.0,1760889.4078527475,196555123.61435896,199499404.38564104
nwsapi_2_2_22,735d2338b2cff5e5b0f6d8db5a46fe5ac3dc783c,runtime_ns,8,28927.125,5451.989595878868,24369.14763333775,33485.10236666225
nwsapi_2_2_22,735d2338b2cff5e5b0f6d8db5a46fe5ac3dc783c,rss,8,197341184.0,1481791.5373878628,196102375.2732499,198579992.7267501
nwsapi_2_2_23,735d2338b2cff5e5b0f6d8db5a46fe5ac3dc783c,runtime_ns,8,29921.9375,3478.749841512239,27013.629851379726,32830.24514862028
nwsapi_2_2_23,735d2338b2cff5e5b0f6d8db5a46fe5ac3dc783c,rss,8,197576704.0,1212240.049008682,196563245.9569913,198590162.0430087
nwsapi_2_2_24,735d2338b2cff5e5b0f6d8db5a46fe5ac3dc783c,runtime_ns,8,28445.125,2663.959683709303,26217.998970040953,30672.251029959047
nwsapi_2_2_24,735d2338b2cff5e5b0f6d8db5a46fe5ac3dc783c,rss,8,197437440.0,1133931.67375716,196489449.39704043,198385430.60295957
nwsapi_2_2_25,735d2338b2cff5e5b0f6d8db5a46fe5ac3dc783c,runtime_ns,8,28666.6875,3842.0204407270253,25454.678030223204,31878.696969776796
nwsapi_2_2_25,735d2338b2cff5e5b0f6d8db5a46fe5ac3dc783c,rss,8,198643712.0,1679950.7476644325,197239238.02764505,200048185.97235495
nwsapi_2_2_26,735d2338b2cff5e5b0f6d8db5a46fe5ac3dc783c,runtime_ns,8,31799.375,5737.69491888013,27002.54200588772,36596.20799411228
nwsapi_2_2_26,735d2338b2cff5e5b0f6d8db5a46fe5ac3dc783c,rss,8,198711296.0,1355619.540389454,197577969.70246437,199844622.29753563
nwsapi_2_2_27,735d2338b2cff5e5b0f6d8db5a46fe5ac3dc783c,runtime_ns,8,28645.875,3584.339855040056,25649.29189095531,31642.45810904469
nwsapi_2_2_27,735d2338b2cff5e5b0f6d8db5a46fe5ac3dc783c,rss,8,197525504.0,1115797.3135511663,196592674.101573,198458333.898427
